53.0,5.0,1.0,14.0,67.0,74.0,62.0,1.7310389942765454,2.641368643483525,2.419502251829988,-3.2654552986344143,-3.0023322853469634,2.0,2.0,2.0,2.0,2.0
80.0,5.0,1.0,14.0,67.0,74.0,62.0,2.3430934515877397,3.3494546372263074,2.7645183047916633,-1.6058094350729624,-1.7050461372736212,2.0,2.0,2.0,2.0,2.0
54.0,5.0,1.0,14.0,67.0,74.0,62.0,4.003261994785651,4.810459330626347,3.3009329334318407,-1.8746688637440818,-3.341611284465473,2.0,2.0,2.0,2.0,2.0
60.0,5.0,1.0,14.0,67.0,74.0,62.0,2.0193637486461338,4.012549297435173,4.624595838405661,-4.016603903793964,-1.760143845088722,2.0,2.0,2.0,2.0,2.0
98.0,5.0,1.0,14.0,67.0,74.0,62.0,2.4607163595122654,3.618124483528949,4.205015070763862,-4.524748847270409,-3.6961678641667373,2.0,2.0,2.0,2.0,2.0
55.0,5.0,1.0,14.0,67.0,74.0,62.0,2.070749455708552,4.604694219890629,3.2268921553197423,-1.3621739312081949,-3.1224024336254876,2.0,2.0,2.0,2.0,2.0
52.0,5.0,1.0,14.0,67.0,74.0,62.0,1.315135973516711,3.938515967288702,3.2648838188475233,-4.15275140666683,-4.915704936036516,2.0,2.0,2.0,2.0,2.0
86.0,5.0,1.0,14.0,67.0,74.0,62.0,3.2401673711229217,1.112744643461788,2.6546146052714596,-4.5431587423005535,-2.31045530564633,2.0,2.0,2.0,2.0,2.0
87.0,2.0,74.0,62.0,3.5571505311238343,1.8786611698127436,2.0,2.0
82.0,2.0,67.0,74.0,-2.1568327947540986,-3.554503500191311,2.0,2.0
79.0,2.0,74.0,62.0,4.070245729080723,-4.849706971405977,2.0,2.0
41.0,2.0,1.0,14.0,4.408414181539802,1.1969408910886905,2.0,2.0
32.0,2.0,1.0,14.0,3.0272362966985056,1.9165869947284047,2.0,2.0
36.0,2.0,1.0,14.0,2.3327541830164766,1.1111217279627574,2.0,2.0
48.0,2.0,1.0,14.0,1.6567107631183235,1.1876420058853254,2.0,2.0
12.0,2.0,1.0,14.0,3.6091331513531637,4.179067639289042,2.0,2.0
42.0,2.0,1.0,14.0,4.1759034413683755,4.215326748583894,2.0,2.0
9.0,2.0,1.0,14.0,1.615740690158761,3.160358618061895,2.0,2.0
8.0,2.0,1.0,14.0,1.1248904738199692,4.269560704470569,2.0,2.0
34.0,2.0,1.0,14.0,4.667058077093003,1.6878133919152685,2.0,2.0
16.0,2.0,1.0,14.0,4.724589838720231,3.7540323993897178,2.0,2.0
23.0,2.0,1.0,14.0,2.5942920882401728,2.07216442316666,2.0,2.0
50.0,2.0,1.0,14.0,3.773568019271314,1.497733053345684,2.0,2.0
31.0,2.0,1.0,14.0,1.652667122672728,2.9218022906763843,2.0,2.0
37.0,2.0,1.0,14.0,2.5816451695174742,2.001211961759216,2.0,2.0
1.0,3.0,17.0,56.0,44.0,-4.242300039269482,-2.7552186242584593,2.5582172583835856,2.0,2.0,2.0
14.0,3.0,17.0,56.0,44.0,-3.8584950301199736,-3.839290304350086,1.2991960738379564,2.0,2.0,2.0
19.0,2.0,1.0,14.0,2.8929479037213426,4.239442660712283,2.0,2.0
59.0,2.0,1.0,14.0,1.661177232524143,4.944646618101943,2.0,2.0
18.0,2.0,1.0,14.0,3.200412405101236,3.2941611400272723,2.0,2.0
6.0,2.0,1.0,14.0,3.11191771157552,4.685160495881135,2.0,2.0
51.0,2.0,1.0,14.0,4.695724983926868,1.66814265155624,2.0,2.0
40.0,2.0,1.0,14.0,1.2926274854426052,4.193776021527283,2.0,2.0
5.0,2.0,1.0,14.0,3.6938288032401303,1.8939264461759953,2.0,2.0
11.0,2.0,1.0,14.0,4.240485427072517,2.896713141440263,2.0,2.0
24.0,2.0,1.0,14.0,4.3284179919496815,4.297597156596757,2.0,2.0
2.0,2.0,1.0,14.0,2.5487999545469613,2.399901590848295,2.0,2.0
20.0,2.0,1.0,14.0,3.6089478242512265,3.5541173652390987,2.0,2.0
28.0,2.0,1.0,14.0,4.962266475461082,1.1228254955985792,2.0,2.0
25.0,2.0,1.0,14.0,3.5214315145004678,1.3700057129187813,2.0,2.0
49.0,2.0,1.0,14.0,4.870664303315377,1.5078868262245178,2.0,2.0
15.0,2.0,1.0,14.0,1.568025856456421,2.965937347505417,2.0,2.0
30.0,2.0,1.0,14.0,4.6051918137002215,2.6396180511116687,2.0,2.0
4.0,2.0,1.0,14.0,3.4842483715065162,1.4078032334254682,2.0,2.0
27.0,2.0,1.0,14.0,3.3201516293480426,1.4532605052426688,2.0,2.0
35.0,2.0,1.0,14.0,4.208088289580909,1.8989426000097414,2.0,2.0
57.0,2.0,1.0,14.0,3.1412085895384383,3.7160662669221534,2.0,2.0
81.0,2.0,1.0,14.0,3.5321475878019406,4.567562209226603,2.0,2.0
92.0,2.0,1.0,14.0,2.57444111638864,1.869758244494438,2.0,2.0
7.0,2.0,1.0,14.0,4.411949562695655,1.677444038220735,2.0,2.0
26.0,2.0,1.0,14.0,4.848956426363075,2.90219770350182,2.0,2.0
29.0,2.0,1.0,14.0,4.254862588769548,3.7418654708604198,2.0,2.0
21.0,2.0,1.0,14.0,4.71986007777415,4.784718884162019,2.0,2.0
95.0,2.0,74.0,62.0,2.8641139494428542,3.1147130315854854,2.0,2.0
83.0,3.0,84.0,74.0,62.0,-3.606339068769803,-1.6424743627510092,-3.7233320181309537,2.0,2.0,2.0
75.0,3.0,84.0,74.0,62.0,-2.050681596683671,-2.9097257113266632,-3.519001188861778,2.0,2.0,2.0
99.0,3.0,84.0,74.0,62.0,-1.8594439219198176,-2.643663733498632,-2.315059940938271,2.0,2.0,2.0
97.0,3.0,84.0,74.0,62.0,-1.4723678427208768,-1.3822970309413183,-3.189897914398323,2.0,2.0,2.0
39.0,2.0,1.0,14.0,4.658793988178731,4.633977053646961,2.0,2.0
46.0,2.0,1.0,14.0,1.9656926719004897,4.083098561844238,2.0,2.0
58.0,2.0,1.0,14.0,-2.4722865416950386,-1.0457679283293162,2.0,2.0
89.0,3.0,1.0,14.0,93.0,-3.9168125996760956,-3.369546518903679,-3.056861659749373,2.0,2.0,2.0
47.0,3.0,1.0,14.0,93.0,-4.576723026040137,-3.9642798394397496,-4.695259285176679,2.0,2.0,2.0
69.0,3.0,1.0,14.0,93.0,-3.908366049293233,-2.677403427282889,-1.9544694833972742,2.0,2.0,2.0
63.0,6.0,1.0,14.0,84.0,67.0,74.0,62.0,2.4155889256474743,2.760288453749649,-4.039967688529414,4.860880912727625,-2.6463814445272864,-1.1412663645043581,2.0,2.0,2.0,2.0,2.0,2.0
71.0,6.0,1.0,14.0,84.0,67.0,74.0,62.0,1.7071040339269232,1.1953505786692293,-1.4979430305344867,2.3355866193545163,-4.947108950975256,-2.189710782109302,2.0,2.0,2.0,2.0,2.0,2.0
64.0,6.0,1.0,14.0,84.0,67.0,74.0,62.0,2.0755466662764483,2.077753830645937,-1.2009505576168569,4.50569107757395,-3.736598291359676,-3.50942008680025,2.0,2.0,2.0,2.0,2.0,2.0
70.0,6.0,1.0,14.0,84.0,67.0,74.0,62.0,1.0168486085763848,4.666682736768509,-2.274407907584406,1.2516614962283428,-4.097982068351639,-1.1355818872331076,2.0,2.0,2.0,2.0,2.0,2.0
61.0,6.0,1.0,14.0,84.0,67.0,74.0,62.0,3.902406720339059,4.955634305342034,-2.5187070070340223,1.7134005759002835,-1.6120272372705733,-2.690125296408864,2.0,2.0,2.0,2.0,2.0,2.0
77.0,6.0,1.0,14.0,84.0,67.0,74.0,62.0,2.160776264551812,4.6319675121626265,-2.715411954276651,3.9130440354941527,-4.119367468733625,-4.87550523314323,2.0,2.0,2.0,2.0,2.0,2.0
88.0,6.0,1.0,14.0,84.0,67.0,74.0,62.0,4.9468000195192054,3.3962095240076717,-1.016558104104114,1.6983267022784898,-2.361095489544447,-1.2633202107940278,2.0,2.0,2.0,2.0,2.0,2.0
74.0,1.0,67.0,2.246557085914594,2.0
90.0,2.0,74.0,62.0,2.851175715297894,3.336662058545177,2.0,2.0
94.0,2.0,74.0,62.0,2.481123408380076,4.302088182787735,2.0,2.0
96.0,2.0,74.0,62.0,-1.3721495892887106,-2.1078087915942025,2.0,2.0
65.0,4.0,1.0,14.0,74.0,62.0,1.887158694443242,2.073764919372226,-1.9576275605274245,1.765001034237589,2.0,2.0,2.0,2.0
91.0,4.0,1.0,14.0,74.0,62.0,2.0702667115931432,3.072422980091729,-1.5683981781442204,4.09865657871144,2.0,2.0,2.0,2.0
68.0,4.0,1.0,14.0,74.0,62.0,3.264687371893895,3.8342490571741776,-2.620715273991576,2.5196341846642296,2.0,2.0,2.0,2.0
66.0,4.0,1.0,14.0,74.0,62.0,4.158956175624598,2.6174535352625283,-3.025460293282891,1.390629797266997,2.0,2.0,2.0,2.0
73.0,4.0,1.0,14.0,74.0,62.0,3.7984633915163624,4.009575913174038,-2.6866214536538875,3.4755616228266097,2.0,2.0,2.0,2.0
72.0,4.0,1.0,14.0,74.0,62.0,2.1558527233599296,3.9740388647775022,-2.077763251044253,3.942301242992733,2.0,2.0,2.0,2.0
10.0,2.0,1.0,14.0,2.412803107754906,2.350511808482644,2.0,2.0
33.0,2.0,1.0,14.0,4.652358324620417,1.4989862482325322,2.0,2.0
0.0,2.0,1.0,14.0,4.3946669649466825,4.393536393119012,2.0,2.0
45.0,2.0,1.0,14.0,2.8631902329878858,2.5062376344851782,2.0,2.0
22.0,2.0,1.0,14.0,2.132013233230576,3.3975725462559385,2.0,2.0
78.0,2.0,74.0,62.0,-2.0085087256306102,-4.347062092992813,2.0,2.0
85.0,2.0,74.0,62.0,-1.9889157660733772,-3.4094547595562763,2.0,2.0
38.0,2.0,1.0,14.0,2.2677348604982766,2.252208819116641,2.0,2.0
13.0,2.0,1.0,14.0,4.093834776823986,2.6448304569176146,2.0,2.0
43.0,2.0,1.0,14.0,3.0893465802331637,4.850670490582542,2.0,2.0
3.0,2.0,1.0,14.0,1.8539238611940996,1.4429558408006726,2.0,2.0
76.0,2.0,74.0,62.0,3.2296387553331267,1.923866244462277,2.0,2.0
