15.0,1.0,9.0,3.8953572053655043,2.0
28.0,1.0,9.0,4.75719605033831,2.0
61.0,1.0,9.0,3.919470852177301,2.0
54.0,1.0,9.0,2.656352187465159,2.0
80.0,1.0,79.0,-1.9288983994536721,2.0
72.0,2.0,79.0,5.0,-1.8341736107113324,-1.756239623462168,2.0,2.0
86.0,1.0,79.0,-2.2442885396571155,2.0
94.0,1.0,79.0,-2.6439827883430005,2.0
46.0,1.0,18.0,2.9693697550068063,2.0
89.0,1.0,79.0,-1.910692212349296,2.0
95.0,1.0,79.0,-3.1518405010967996,2.0
92.0,1.0,79.0,-3.6644279837150773,2.0
63.0,2.0,79.0,18.0,1.8850209286283817,1.5393859404139252,2.0,2.0
47.0,2.0,79.0,18.0,2.988130599134186,4.918801685204869,2.0,2.0
56.0,2.0,79.0,18.0,2.9621653548645113,3.527358583459992,2.0,2.0
64.0,2.0,79.0,18.0,1.484012276833174,4.8851321344486855,2.0,2.0
39.0,2.0,79.0,18.0,1.8663412259893466,4.71667289421768,2.0,2.0
45.0,2.0,9.0,62.0,-3.0028824170676223,-4.2268927350548555,2.0,2.0
38.0,2.0,9.0,62.0,-3.4149309907388643,-1.3922612860310881,2.0,2.0
62.0,1.0,9.0,-4.757164313725648,2.0
41.0,2.0,9.0,62.0,-3.838564862901836,-1.9065043650744542,2.0,2.0
27.0,1.0,5.0,3.2143948619178495,2.0
85.0,2.0,79.0,1.0,-4.502809240232999,2.1516825474098686,2.0,2.0
49.0,1.0,9.0,3.353001785273291,2.0
19.0,1.0,18.0,1.0019520022130441,2.0
22.0,1.0,18.0,4.056898092502678,2.0
74.0,1.0,18.0,1.9349943911900143,2.0
24.0,1.0,18.0,3.1662691950284003,2.0
20.0,1.0,18.0,3.2506053221479374,2.0
33.0,1.0,18.0,3.902397853333078,2.0
99.0,2.0,9.0,90.0,-3.7066998244999714,-1.8294445833593431,2.0,2.0
93.0,2.0,9.0,90.0,-4.786189434996162,-1.2686156740999968,2.0,2.0
21.0,2.0,9.0,90.0,-4.691111195041171,-3.9563062196838117,2.0,2.0
81.0,2.0,9.0,90.0,-2.357839433311217,-1.0032721337009551,2.0,2.0
11.0,3.0,9.0,90.0,5.0,-4.489657414223851,-2.9142392456725625,2.476561857872101,2.0,2.0,2.0
3.0,1.0,1.0,-2.334393597812472,2.0
88.0,1.0,1.0,-1.7630652113889682,2.0
83.0,2.0,79.0,18.0,-2.627711582747779,3.9200206385941168,2.0,2.0
76.0,2.0,79.0,18.0,-2.672449998033419,3.210598402355551,2.0,2.0
69.0,1.0,9.0,-2.5750308433055205,2.0
71.0,1.0,9.0,-4.824293899036958,2.0
14.0,1.0,9.0,-1.0254660121771741,2.0
40.0,1.0,9.0,-3.6792160052862526,2.0
66.0,1.0,9.0,-3.5343400422216322,2.0
34.0,1.0,9.0,-1.9844059894728945,2.0
51.0,1.0,9.0,-3.4134662959560718,2.0
23.0,1.0,9.0,1.5164495610453668,2.0
84.0,2.0,9.0,97.0,-1.7681356575680867,-1.0447773416438766,2.0,2.0
55.0,2.0,9.0,97.0,-4.940625305714992,-2.249262581426906,2.0,2.0
97.0,1.0,9.0,-1.8919222821301735,2.0
44.0,1.0,5.0,3.2390398110639858,2.0
75.0,1.0,5.0,3.5300619229085957,2.0
2.0,2.0,77.0,1.0,-1.6718745903431746,-3.9630732285542183,2.0,2.0
77.0,1.0,1.0,-1.835294353755116,2.0
87.0,1.0,5.0,2.721466187962729,2.0
35.0,1.0,5.0,-1.5723177962756303,2.0
60.0,1.0,18.0,4.009174642070274,2.0
31.0,1.0,18.0,2.494633802608923,2.0
98.0,1.0,18.0,2.085342829919663,2.0
50.0,1.0,18.0,4.066283316270604,2.0
57.0,1.0,5.0,1.3193871008457942,2.0
73.0,1.0,5.0,1.5601210878630623,2.0
58.0,1.0,9.0,-4.178220346223467,2.0
48.0,1.0,9.0,-4.894968286827016,2.0
16.0,1.0,9.0,-1.0094607074639668,2.0
96.0,1.0,9.0,-3.2368435384448904,2.0
37.0,1.0,9.0,-1.6804178661826974,2.0
91.0,1.0,9.0,-1.9090121348919045,2.0
68.0,1.0,9.0,-1.1952243945118575,2.0
52.0,1.0,9.0,-2.8380892940671893,2.0
12.0,1.0,9.0,-2.357046362929335,2.0
65.0,1.0,9.0,-1.0757177600944678,2.0
59.0,1.0,5.0,3.8917877778173735,2.0
0.0,4.0,9.0,18.0,5.0,1.0,2.0909198826328006,2.923151913038583,4.52043906580122,-4.47683780212601,2.0,2.0,2.0,2.0
7.0,4.0,9.0,18.0,5.0,1.0,2.934095396785572,2.097181718474362,4.1755347910320655,-2.7316337207218404,2.0,2.0,2.0,2.0
53.0,4.0,9.0,18.0,5.0,1.0,3.922388655425602,1.2047373675877573,1.0498658244452117,-4.277786678553618,2.0,2.0,2.0,2.0
36.0,4.0,9.0,18.0,5.0,1.0,3.7768447610648965,2.513915195101169,4.878579490792062,-2.8957408668807796,2.0,2.0,2.0,2.0
8.0,4.0,9.0,18.0,5.0,1.0,4.0250789545719385,4.302111196668097,1.9002338613518175,-4.658000412535847,2.0,2.0,2.0,2.0
6.0,4.0,9.0,18.0,5.0,1.0,1.163251084488453,1.1604176094953127,3.0846326993926847,-2.1672968878057906,2.0,2.0,2.0,2.0
4.0,4.0,9.0,18.0,5.0,1.0,3.6977897776800854,1.2569692861093649,2.7359553320673276,-2.939820715806029,2.0,2.0,2.0,2.0
67.0,1.0,5.0,-2.6636408095466666,2.0
43.0,1.0,9.0,-4.77678796571779,2.0
78.0,2.0,9.0,82.0,4.796183474214905,-4.366566044125134,2.0,2.0
82.0,1.0,5.0,-1.0506325648228256,2.0
17.0,1.0,9.0,-4.758880773181877,2.0
70.0,1.0,9.0,1.744471783717696,2.0
29.0,1.0,5.0,4.7846951385441,2.0
10.0,1.0,9.0,-2.5113179793801845,2.0
25.0,1.0,18.0,2.5322465370058023,2.0
32.0,1.0,18.0,4.864842818811299,2.0
42.0,1.0,18.0,4.884718173694816,2.0
26.0,1.0,18.0,1.8665623222928063,2.0
30.0,1.0,18.0,3.445630251080793,2.0
13.0,1.0,5.0,3.355693706452695,2.0
