15.0,1.0,9.0,2.411741025646397,2.0
28.0,1.0,9.0,2.084649565555685,2.0
61.0,1.0,9.0,1.870047444223366,2.0
54.0,1.0,9.0,2.48938125896207,2.0
80.0,1.0,79.0,-3.8687110969696143,2.0
72.0,2.0,79.0,5.0,-3.8945197108960277,-1.4069135594954676,2.0,2.0
86.0,1.0,79.0,-4.8348856499876405,2.0
94.0,1.0,79.0,-2.422910329117884,2.0
46.0,1.0,18.0,3.2847665346063506,2.0
89.0,1.0,79.0,-4.153284397276259,2.0
95.0,1.0,79.0,-3.8366164470702295,2.0
92.0,1.0,79.0,-4.152933147299875,2.0
63.0,2.0,79.0,18.0,4.255352498976623,2.0982252886887216,2.0,2.0
47.0,2.0,79.0,18.0,3.210846360379324,4.928761679366503,2.0,2.0
56.0,2.0,79.0,18.0,2.6415600937719135,1.9165442269844042,2.0,2.0
64.0,2.0,79.0,18.0,2.07440149947312,2.365106468643804,2.0,2.0
39.0,2.0,79.0,18.0,1.477180580581206,1.3693338369987216,2.0,2.0
45.0,2.0,9.0,62.0,-3.158469521308661,-4.824144576448983,2.0,2.0
38.0,2.0,9.0,62.0,-1.2205567301754359,-1.8006100398525562,2.0,2.0
62.0,1.0,9.0,-1.6389636114885406,2.0
41.0,2.0,9.0,62.0,-1.8948733675118632,-3.471555329624194,2.0,2.0
27.0,1.0,5.0,1.2639030374674856,2.0
85.0,2.0,79.0,1.0,-4.794314745426437,4.867252845017774,2.0,2.0
49.0,1.0,9.0,3.4260247326836413,2.0
19.0,1.0,18.0,4.4937074040144065,2.0
22.0,1.0,18.0,4.902982985151084,2.0
74.0,1.0,18.0,2.223867887228732,2.0
24.0,1.0,18.0,4.711000763176648,2.0
20.0,1.0,18.0,4.070426835420528,2.0
33.0,1.0,18.0,1.1577963949752506,2.0
99.0,2.0,9.0,90.0,-2.1244233356363926,-3.6675462808823682,2.0,2.0
93.0,2.0,9.0,90.0,-1.1873519260467282,-1.2092071234964625,2.0,2.0
21.0,2.0,9.0,90.0,-3.72431822158179,-1.7498926862616102,2.0,2.0
81.0,2.0,9.0,90.0,-1.5721584812657303,-3.843549261160329,2.0,2.0
11.0,3.0,9.0,90.0,5.0,-1.0603395194247143,-1.1179200597883105,2.6985031470067944,2.0,2.0,2.0
3.0,1.0,1.0,-2.091904784568096,2.0
88.0,1.0,1.0,-4.6770929769945155,2.0
83.0,2.0,79.0,18.0,-3.7757063285494983,2.3335535756312495,2.0,2.0
76.0,2.0,79.0,18.0,-3.7742024688979203,4.742633659398783,2.0,2.0
69.0,1.0,9.0,-2.0592081265674143,2.0
71.0,1.0,9.0,-3.251395681548612,2.0
14.0,1.0,9.0,-3.793371006633214,2.0
40.0,1.0,9.0,-4.149355692546158,2.0
66.0,1.0,9.0,-2.8565339819223188,2.0
34.0,1.0,9.0,-3.8540963099300356,2.0
51.0,1.0,9.0,-1.2735421527068134,2.0
23.0,1.0,9.0,3.9731069856325667,2.0
84.0,2.0,9.0,97.0,-4.624147580841968,-2.8740106105273737,2.0,2.0
55.0,2.0,9.0,97.0,-4.414043351005464,-4.123200799375632,2.0,2.0
97.0,1.0,9.0,-2.384555021848959,2.0
44.0,1.0,5.0,1.0914378627432244,2.0
75.0,1.0,5.0,1.7858573165263287,2.0
2.0,2.0,77.0,1.0,-3.665865229758638,-2.095033026897147,2.0,2.0
77.0,1.0,1.0,-3.257723901383972,2.0
87.0,1.0,5.0,3.597676942163654,2.0
35.0,1.0,5.0,-1.681919846672483,2.0
60.0,1.0,18.0,2.0480580134996265,2.0
31.0,1.0,18.0,3.150414882248168,2.0
98.0,1.0,18.0,3.8785480324124237,2.0
50.0,1.0,18.0,4.433818229034356,2.0
57.0,1.0,5.0,2.8536857966209754,2.0
73.0,1.0,5.0,4.7662345100176795,2.0
58.0,1.0,9.0,-3.0919528780080046,2.0
48.0,1.0,9.0,-4.696990674882664,2.0
16.0,1.0,9.0,-1.597197842676569,2.0
96.0,1.0,9.0,-4.342763612472739,2.0
37.0,1.0,9.0,-3.1111390728086663,2.0
91.0,1.0,9.0,-2.062510757510615,2.0
68.0,1.0,9.0,-3.5626725344832884,2.0
52.0,1.0,9.0,-3.8960340876768185,2.0
12.0,1.0,9.0,-3.7630188862207357,2.0
65.0,1.0,9.0,-3.979275544473769,2.0
59.0,1.0,5.0,4.1406671469262175,2.0
0.0,4.0,9.0,18.0,5.0,1.0,3.739894004102459,4.9251244930967335,1.9645632381089166,-4.017716068219174,2.0,2.0,2.0,2.0
7.0,4.0,9.0,18.0,5.0,1.0,4.7052284892174345,2.4202742832282267,3.1685992883968495,-4.983925324983989,2.0,2.0,2.0,2.0
53.0,4.0,9.0,18.0,5.0,1.0,3.4572402658490247,2.3477780485568536,3.991109036617852,-1.0576557810189353,2.0,2.0,2.0,2.0
36.0,4.0,9.0,18.0,5.0,1.0,2.22607371774581,2.9626971384780125,2.3356277193008292,-3.8689533789883783,2.0,2.0,2.0,2.0
8.0,4.0,9.0,18.0,5.0,1.0,3.5249834180096817,4.6449180643421855,3.58909566277604,-1.3298089612769277,2.0,2.0,2.0,2.0
6.0,4.0,9.0,18.0,5.0,1.0,1.2013991539882403,2.5235147919324286,1.188970754294525,-2.013323429116252,2.0,2.0,2.0,2.0
4.0,4.0,9.0,18.0,5.0,1.0,2.537415182650201,2.512505371337671,2.394124276202524,-4.6655446943134065,2.0,2.0,2.0,2.0
67.0,1.0,5.0,-3.2937638412232486,2.0
43.0,1.0,9.0,-1.727980643490783,2.0
78.0,2.0,9.0,82.0,4.939102238774579,-2.3032448275122612,2.0,2.0
82.0,1.0,5.0,-4.010343448981457,2.0
17.0,1.0,9.0,-1.0221261654432499,2.0
70.0,1.0,9.0,3.9489806783434207,2.0
29.0,1.0,5.0,3.7151167043780147,2.0
10.0,1.0,9.0,-4.617380236200333,2.0
25.0,1.0,18.0,3.0891887789856267,2.0
32.0,1.0,18.0,3.571382838519068,2.0
42.0,1.0,18.0,3.4534549415351767,2.0
26.0,1.0,18.0,1.922266920284419,2.0
30.0,1.0,18.0,3.0863746087895176,2.0
13.0,1.0,5.0,2.101667551433647,2.0
