665.0,5.0,618.0,719.0,576.0,939.0,926.0,-4.043968006664709,4.057811372340613,-2.523974494695568,2.3120565764395025,1.5296915927538364,2.0,2.0,2.0,2.0,2.0
664.0,5.0,618.0,719.0,576.0,939.0,926.0,-3.444521122725022,4.469269177086033,-2.803551637312597,2.2675064119647876,2.4823305883703464,2.0,2.0,2.0,2.0,2.0
593.0,4.0,618.0,783.0,1177.0,586.0,-1.3788651343912113,-2.2314988273015364,-3.9859463370412374,-2.8860022677072013,2.0,2.0,2.0,2.0
612.0,4.0,618.0,783.0,1177.0,586.0,-3.6227278902625417,-4.0477363624609906,-2.710492596575186,-1.0830259986781168,2.0,2.0,2.0,2.0
710.0,5.0,618.0,719.0,576.0,939.0,926.0,-4.947321805224432,3.4922106415029663,-1.9954292923089465,4.201225350519049,3.5320549653306244,2.0,2.0,2.0,2.0,2.0
637.0,2.0,618.0,783.0,4.050386863455525,3.5386846798581306,2.0,2.0
718.0,3.0,618.0,783.0,719.0,-3.6331090388010803,-1.736116392977558,3.5095375404965683,2.0,2.0,2.0
532.0,3.0,618.0,364.0,719.0,-4.635260942234325,-4.741744879056133,-2.38432844577899,2.0,2.0,2.0
86.0,7.0,110.0,109.0,83.0,113.0,80.0,107.0,104.0,-4.9268312355710195,-4.927638649149449,3.4171141768938793,-3.213244138602786,-1.998429618580849,3.351520357547785,1.0854473263105686,2.0,2.0,2.0,2.0,2.0,2.0,2.0
102.0,7.0,110.0,109.0,83.0,113.0,80.0,107.0,104.0,-2.103844281014546,-4.817691682184301,4.046908739693718,-2.5702583496803615,-3.466313649790745,4.542699101454086,4.036177489921403,2.0,2.0,2.0,2.0,2.0,2.0,2.0
213.0,3.0,1097.0,1148.0,82.0,1.4808238692688707,4.166350004140064,2.2022709400354845,2.0,2.0,2.0
435.0,2.0,783.0,302.0,1.2298988296100948,-4.856458377573852,2.0,2.0
342.0,2.0,783.0,302.0,1.767486898149187,-3.9896427891569037,2.0,2.0
519.0,3.0,364.0,939.0,926.0,-4.561663840635157,-2.163745039567234,-4.068052715768798,2.0,2.0,2.0
491.0,3.0,364.0,939.0,926.0,-3.2104980639600837,-2.7655521010782134,-2.5362569858582575,2.0,2.0,2.0
403.0,5.0,364.0,783.0,719.0,257.0,724.0,2.2918869210796307,3.7202296600231417,-3.270983575401889,-2.047198035309111,-2.6306842874697205,2.0,2.0,2.0,2.0,2.0
551.0,4.0,559.0,302.0,939.0,926.0,1.2086778222049848,-1.058528682580218,4.404465282747053,3.0193736316225115,2.0,2.0,2.0,2.0
1121.0,1.0,1113.0,2.739482862680234,2.0
801.0,1.0,783.0,2.5618076672299854,2.0
284.0,2.0,251.0,1077.0,-1.4591305090369064,1.7869145223535319,2.0,2.0
259.0,2.0,251.0,1077.0,-4.591544807623314,2.8031628743631107,2.0,2.0
275.0,2.0,475.0,257.0,1.281236593478344,-4.68779259420922,2.0,2.0
348.0,2.0,364.0,257.0,2.948400868641725,-2.41671023078564,2.0,2.0
350.0,3.0,364.0,302.0,257.0,2.7597017007228506,-1.5507836205596957,-3.58253655270525,2.0,2.0,2.0
300.0,3.0,364.0,302.0,257.0,3.8562299328621825,-1.773205608633826,-1.354217010379295,2.0,2.0,2.0
377.0,1.0,364.0,3.5912970882632997,2.0
430.0,1.0,364.0,3.4261894980037457,2.0
228.0,3.0,618.0,226.0,783.0,-1.6490408501128928,-3.115235837230445,-3.1250776082176843,2.0,2.0,2.0
419.0,1.0,364.0,-4.824790526915253,2.0
577.0,1.0,475.0,4.6390342544144945,2.0
534.0,1.0,475.0,-2.022948161940405,2.0
943.0,2.0,939.0,926.0,-3.3591636704207906,-4.811590539623518,2.0,2.0
505.0,1.0,503.0,-3.215126544434536,2.0
47.0,2.0,51.0,26.0,2.305716937430224,1.1346901069048916,2.0,2.0
548.0,2.0,364.0,783.0,-3.036362420809911,3.9234951782081646,2.0,2.0
420.0,1.0,364.0,4.234526966641632,2.0
395.0,1.0,364.0,4.505679255083512,2.0
604.0,2.0,574.0,618.0,3.722287175643367,1.7788807516731806,2.0,2.0
617.0,2.0,574.0,618.0,3.086900657449351,3.2794078980249983,2.0,2.0
602.0,2.0,574.0,618.0,4.906034501018741,4.564501147084885,2.0,2.0
574.0,1.0,302.0,-3.6501665658048603,2.0
1106.0,1.0,1105.0,-1.1304626716131163,2.0
1107.0,1.0,1105.0,-3.3972410305699916,2.0
1109.0,1.0,1105.0,-4.696177366031021,2.0
1110.0,1.0,1105.0,3.177049430428356,2.0
1117.0,1.0,1105.0,3.502641304589513,2.0
1108.0,1.0,1105.0,3.324742903817719,2.0
1112.0,1.0,1105.0,1.8441364729973944,2.0
1120.0,1.0,1105.0,1.3470672857672246,2.0
618.0,1.0,783.0,-2.001860151492977,2.0
7.0,1.0,4.0,-2.5177165093716964,2.0
15.0,1.0,4.0,-2.8621493347803195,2.0
13.0,1.0,4.0,-3.3680145621388706,2.0
16.0,2.0,4.0,80.0,-3.54306227757817,-4.236401757511104,2.0,2.0
3.0,1.0,4.0,-3.2926282801852764,2.0
6.0,1.0,4.0,-3.458023300811634,2.0
19.0,1.0,4.0,-3.8993810170314753,2.0
12.0,1.0,4.0,-2.4287955237093293,2.0
9.0,1.0,4.0,-3.5827363443377798,2.0
797.0,1.0,783.0,1.3034104615126156,2.0
246.0,2.0,242.0,257.0,2.1856425149958443,2.1025408633148204,2.0,2.0
38.0,1.0,26.0,1.3841257690841084,2.0
393.0,1.0,364.0,3.775808005456734,2.0
383.0,1.0,364.0,2.450548429694854,2.0
423.0,1.0,364.0,4.124109376513311,2.0
285.0,1.0,257.0,2.7983145287518334,2.0
1051.0,1.0,1046.0,-4.741941435685688,2.0
1048.0,2.0,1148.0,1046.0,4.041871884007824,-1.331915513324974,2.0,2.0
1073.0,1.0,1069.0,-3.000640872704796,2.0
1055.0,2.0,1069.0,1046.0,-1.8352738557601165,-4.671581684670161,2.0,2.0
1049.0,2.0,1069.0,1046.0,-4.02848287389811,-3.2444897605029275,2.0,2.0
726.0,2.0,719.0,1046.0,2.2338397010667674,-1.283036820267652,2.0,2.0
10.0,1.0,4.0,-3.862344307659085,2.0
5.0,1.0,4.0,-3.7717446390975766,2.0
11.0,1.0,4.0,-3.448364996350508,2.0
8.0,1.0,4.0,-4.96323526014465,2.0
21.0,1.0,4.0,-3.090794323534712,2.0
145.0,1.0,107.0,3.3249692050310444,2.0
210.0,1.0,202.0,4.622918748140378,2.0
55.0,1.0,51.0,3.786824216986447,2.0
202.0,1.0,135.0,-4.951772120103026,2.0
743.0,2.0,783.0,724.0,4.758725078925839,-4.317670270088013,2.0,2.0
434.0,1.0,364.0,1.0517416520005405,2.0
461.0,2.0,302.0,573.0,-1.2110399918490367,1.7552484032003632,2.0,2.0
20.0,2.0,4.0,26.0,1.971818810523803,4.556002664755391,2.0,2.0
14.0,2.0,4.0,26.0,2.0574260764642873,3.801343579368377,2.0,2.0
17.0,2.0,4.0,26.0,4.992411719113983,3.4784215977898056,2.0,2.0
18.0,2.0,4.0,26.0,4.298617623188104,4.772813475994883,2.0,2.0
23.0,2.0,4.0,26.0,2.984227429666165,4.9001166479085985,2.0,2.0
966.0,3.0,961.0,939.0,926.0,1.5511030713678173,2.610134170221536,4.803169210541176,2.0,2.0,2.0
942.0,3.0,961.0,939.0,926.0,4.923251225431262,3.477914691241717,3.6037871339311116,2.0,2.0,2.0
953.0,3.0,961.0,939.0,926.0,3.394699912632596,1.8482156153651141,2.513690531006275,2.0,2.0,2.0
934.0,3.0,961.0,939.0,926.0,1.129482282584232,3.0529267062469128,3.2627328754995646,2.0,2.0,2.0
1158.0,1.0,1148.0,1.1531274011968997,2.0
1097.0,1.0,1148.0,4.555580799886226,2.0
1099.0,2.0,1097.0,1148.0,2.636880955285361,1.5566550476934706,2.0,2.0
803.0,1.0,783.0,2.977986486279335,2.0
839.0,1.0,783.0,4.983820667260629,2.0
1140.0,2.0,1133.0,1141.0,3.6829962638010647,1.3818877491805788,2.0,2.0
681.0,2.0,618.0,655.0,-2.078763578455189,-1.8917114572617617,2.0,2.0
661.0,2.0,618.0,655.0,-3.7090933611277777,-1.618459690763736,2.0,2.0
655.0,1.0,618.0,-3.8604063959629658,2.0
646.0,2.0,618.0,655.0,-4.014777777879577,-2.6393446572356556,2.0,2.0
312.0,5.0,361.0,364.0,302.0,359.0,303.0,2.3621677662779015,-2.1812871271072303,-1.5451177948540464,1.7720674669895105,-2.126462824063696,2.0,2.0,2.0,2.0,2.0
319.0,5.0,361.0,364.0,302.0,359.0,303.0,2.4873974450348073,-4.243842418699421,-1.1797055606840106,3.16478549037616,-2.787109697121993,2.0,2.0,2.0,2.0,2.0
315.0,5.0,361.0,364.0,302.0,359.0,303.0,3.821457386341609,-2.351444143841499,-2.6182501951435535,3.45498992118317,-4.914745203672697,2.0,2.0,2.0,2.0,2.0
361.0,2.0,302.0,359.0,-2.2645315145328717,2.2234770932155192,2.0,2.0
503.0,2.0,302.0,1064.0,-4.195236962673429,-3.031507228363835,2.0,2.0
136.0,1.0,80.0,1.3149070571388162,2.0
115.0,5.0,618.0,130.0,79.0,51.0,302.0,-1.0721069433206463,3.7427300440358073,1.9542003705414062,2.4484897484502426,-1.8574124322246446,2.0,2.0,2.0,2.0,2.0
94.0,5.0,618.0,130.0,79.0,51.0,302.0,-4.074405281877436,1.2471342394272718,2.7136654560880364,3.187371011268999,-3.9951826077268096,2.0,2.0,2.0,2.0,2.0
130.0,2.0,783.0,359.0,4.239705634143061,2.8935532244548408,2.0,2.0
829.0,5.0,618.0,826.0,783.0,939.0,926.0,2.1561666021916337,2.1170701786125647,3.1310619764826546,-3.585951995646835,-3.1286498823439244,2.0,2.0,2.0,2.0,2.0
714.0,5.0,618.0,826.0,783.0,939.0,926.0,2.0428594006782315,4.171178511479578,1.2756555583893263,-1.6198786650055461,-1.944709418874425,2.0,2.0,2.0,2.0,2.0
879.0,5.0,618.0,826.0,783.0,939.0,926.0,4.05040790833149,4.530446332014924,1.0254072550510545,-2.887849778228566,-4.864451871106624,2.0,2.0,2.0,2.0,2.0
845.0,5.0,618.0,826.0,783.0,939.0,926.0,4.787550584816969,3.402128922437034,1.188675723920698,-4.1306510887071575,-3.874234237234728,2.0,2.0,2.0,2.0,2.0
782.0,5.0,618.0,826.0,783.0,939.0,926.0,4.5239561742076475,4.857302201324654,4.519696245114626,-3.7001745725600266,-2.324827323004775,2.0,2.0,2.0,2.0,2.0
826.0,3.0,783.0,302.0,724.0,1.934233563539577,-4.205003694716007,-3.466084198097582,2.0,2.0,2.0
828.0,5.0,618.0,826.0,783.0,939.0,926.0,2.9532683508299824,3.4701874802577106,2.134539849253281,-2.7559311132108752,-2.210346290878431,2.0,2.0,2.0,2.0,2.0
69.0,7.0,4.0,364.0,939.0,926.0,96.0,188.0,64.0,-4.0243912749017365,2.179163035011207,-4.674627084819458,-1.8436246873203075,-2.821692582751575,-3.066138452236643,4.095406933547072,2.0,2.0,2.0,2.0,2.0,2.0,2.0
88.0,7.0,4.0,364.0,939.0,926.0,96.0,188.0,64.0,-1.1076682618184868,4.82035411710439,-3.236367971071744,-3.1945562682954223,-1.4758501922512597,-2.6897552684912265,4.8184573335797225,2.0,2.0,2.0,2.0,2.0,2.0,2.0
1002.0,2.0,1012.0,26.0,2.3199842648446305,4.895761047115386,2.0,2.0
872.0,4.0,783.0,888.0,724.0,875.0,2.4218925018623443,4.2035621868833255,-3.463190201935958,-3.734550472584463,2.0,2.0,2.0,2.0
881.0,4.0,783.0,888.0,724.0,875.0,3.475060860029489,4.97400179357102,-4.239395045175103,-2.5131591750372544,2.0,2.0,2.0,2.0
912.0,4.0,783.0,888.0,724.0,875.0,4.789507905461724,2.6821261558713667,-4.315265423668125,-4.884764423495305,2.0,2.0,2.0,2.0
780.0,4.0,783.0,888.0,724.0,875.0,1.7960832493943033,2.693071307530862,-1.6188752385217455,-4.607242500080831,2.0,2.0,2.0,2.0
883.0,4.0,783.0,888.0,724.0,875.0,3.6815481249983386,1.5555535410232846,-1.293889849888239,-4.4655294922747615,2.0,2.0,2.0,2.0
884.0,4.0,783.0,888.0,724.0,875.0,1.6111756364734626,4.4154020013783395,-2.581378310700028,-4.1260593568874775,2.0,2.0,2.0,2.0
877.0,4.0,783.0,888.0,724.0,875.0,3.853304528235446,4.947161247248273,-2.988597659850508,-2.8914055121373963,2.0,2.0,2.0,2.0
874.0,4.0,783.0,888.0,724.0,875.0,4.2980513078214155,2.5499122562457237,-4.498146954585783,-2.130340045434406,2.0,2.0,2.0,2.0
556.0,2.0,542.0,1177.0,-2.053251330710025,-4.776088161908088,2.0,2.0
1130.0,2.0,1132.0,1122.0,-1.0392968124016289,-4.760623112781364,2.0,2.0
1128.0,2.0,1132.0,1122.0,-2.1410965767549808,-3.508827333258099,2.0,2.0
1125.0,2.0,1132.0,1122.0,-3.529339233663192,-2.9208729355041867,2.0,2.0
1131.0,2.0,1132.0,1122.0,-3.1991520313666166,-4.163560578397679,2.0,2.0
1135.0,2.0,1132.0,1122.0,-3.327647233004803,-2.4336746895323076,2.0,2.0
1132.0,1.0,1122.0,-3.885916012263812,2.0
1174.0,1.0,1148.0,-2.514427636202903,2.0
816.0,1.0,783.0,1.6068717072878878,2.0
786.0,1.0,783.0,3.5563441730723655,2.0
1171.0,1.0,1148.0,-3.5143271649178156,2.0
835.0,1.0,783.0,3.5646867004306464,2.0
787.0,1.0,783.0,4.423809335045082,2.0
339.0,1.0,302.0,-1.5817712289361827,2.0
394.0,2.0,364.0,302.0,1.2942107040856454,1.5149247312491094,2.0,2.0
372.0,2.0,364.0,302.0,4.058523244493275,4.7804779119222225,2.0,2.0
178.0,2.0,135.0,188.0,1.8495018633592255,-2.0002376019086556,2.0,2.0
182.0,2.0,135.0,188.0,2.1502630391093978,-3.418121460945534,2.0,2.0
868.0,1.0,866.0,2.478249881328317,2.0
1162.0,1.0,1148.0,3.8159731886065273,2.0
1157.0,1.0,1148.0,4.2314391237368225,2.0
773.0,2.0,756.0,719.0,-2.4703288203895286,-3.980467053014791,2.0,2.0
1119.0,2.0,1148.0,1113.0,-4.720656772485334,3.4947562715521605,2.0,2.0
1118.0,2.0,1148.0,1113.0,-2.602351986520898,3.786807521150469,2.0,2.0
1115.0,2.0,1148.0,1113.0,-4.106806339462594,4.397081472112164,2.0,2.0
1113.0,5.0,1148.0,1064.0,1133.0,1141.0,573.0,-2.723675960419424,1.2900051273446862,4.9071353932100035,-1.4100446496327428,-1.1958956103440617,2.0,2.0,2.0,2.0,2.0
1063.0,6.0,1148.0,1113.0,1064.0,1133.0,1141.0,573.0,-2.892179627892018,3.4611472093192384,1.7371303715440445,-1.2569064864078645,-4.133091904422038,-1.950028806136142,2.0,2.0,2.0,2.0,2.0,2.0
1068.0,6.0,1148.0,1113.0,1064.0,1133.0,1141.0,573.0,-2.744636326916061,2.0190133648896036,4.482874993471798,-1.0044589806233248,-2.7030353257408546,-4.538969881486411,2.0,2.0,2.0,2.0,2.0,2.0
1062.0,6.0,1148.0,1113.0,1064.0,1133.0,1141.0,573.0,-1.2787954452386119,3.459646627034918,1.1424935260714384,-3.0985792594651316,-3.760878748303607,-2.731190192160948,2.0,2.0,2.0,2.0,2.0,2.0
245.0,3.0,240.0,302.0,257.0,-2.155030583095291,2.123139380365878,1.9036981986781445,2.0,2.0,2.0
402.0,1.0,302.0,1.8141041275570302,2.0
308.0,1.0,302.0,3.4292306918861324,2.0
389.0,1.0,364.0,-4.723522737219769,2.0
901.0,1.0,866.0,1.1001867104875913,2.0
203.0,1.0,188.0,-4.383217140392112,2.0
512.0,4.0,618.0,783.0,719.0,302.0,2.0257073183022745,-2.400411699552991,3.9688821296371932,-1.3071765877212664,2.0,2.0,2.0,2.0
521.0,4.0,618.0,783.0,719.0,302.0,1.8408613663613207,-3.0709965771104364,4.4436498192465175,-3.821832621988907,2.0,2.0,2.0,2.0
682.0,3.0,618.0,783.0,724.0,1.9866073643396729,2.1285171416652373,3.927196970731564,2.0,2.0,2.0
659.0,3.0,618.0,783.0,724.0,1.1130829486829192,1.9543437199304052,3.972364283166046,2.0,2.0,2.0
561.0,4.0,618.0,783.0,79.0,586.0,-3.9093033329407296,-1.9527314391380912,1.4514423615377896,-2.7048670597713174,2.0,2.0,2.0,2.0
603.0,4.0,618.0,783.0,79.0,586.0,-2.653626731045176,-1.8365186482465985,1.5568437951393261,-4.5631589418125875,2.0,2.0,2.0,2.0
248.0,4.0,618.0,783.0,79.0,586.0,-2.1543785801370774,-4.1001129116938575,1.5727826810802985,-2.3888862659812338,2.0,2.0,2.0,2.0
596.0,4.0,618.0,783.0,79.0,586.0,-3.145936740136528,-1.8077081051376989,3.518751833313586,-3.5074967656928826,2.0,2.0,2.0,2.0
247.0,4.0,618.0,783.0,79.0,586.0,-3.224119262657201,-3.8749718799500292,1.557386262962027,-4.837885079353556,2.0,2.0,2.0,2.0
412.0,2.0,1012.0,302.0,4.250778659206876,-3.4252864931945872,2.0,2.0
1015.0,1.0,1012.0,1.476221870971318,2.0
1017.0,1.0,1012.0,4.868978152006354,2.0
537.0,8.0,364.0,783.0,719.0,302.0,939.0,926.0,724.0,875.0,-4.660878441597245,1.0871935414545173,-2.3275559838215716,-3.878532405440004,-4.232532151428845,-3.7947722690304504,2.6542016627099483,2.2205957803743144,2.0,2.0,2.0,2.0,2.0,2.0,2.0,2.0
946.0,3.0,1012.0,939.0,926.0,3.235368788022468,1.6647116884999633,3.7831611973054597,2.0,2.0,2.0
932.0,3.0,1012.0,939.0,926.0,3.5161737768525945,4.035922573026374,1.1140971809643565,2.0,2.0,2.0
937.0,3.0,1012.0,939.0,926.0,2.160650553980422,4.636929193034955,2.727267700007692,2.0,2.0,2.0
1028.0,1.0,1012.0,3.3946947773442475,2.0
349.0,2.0,1012.0,302.0,2.1889510901868183,-1.633217622724239,2.0,2.0
1032.0,1.0,1012.0,1.7598507959139535,2.0
343.0,2.0,1012.0,302.0,3.9457383554473733,-2.14036270829204,2.0,2.0
337.0,2.0,1012.0,302.0,3.0677974056529758,-4.163563132123413,2.0,2.0
358.0,2.0,1012.0,302.0,2.1046993278953443,-4.087986655704139,2.0,2.0
515.0,1.0,503.0,-2.868182709054177,2.0
279.0,1.0,257.0,-2.358683284676242,2.0
295.0,1.0,257.0,-1.9694762274926694,2.0
256.0,1.0,242.0,4.211473461130927,2.0
657.0,2.0,618.0,790.0,-4.963191381670862,1.3642287119259442,2.0,2.0
95.0,3.0,71.0,51.0,83.0,1.6170596010849918,1.9572381460261066,-1.5939050703385775,2.0,2.0,2.0
772.0,2.0,783.0,724.0,1.8766919825021802,-4.811675739070715,2.0,2.0
778.0,3.0,790.0,783.0,724.0,2.3830013679590945,1.4430324636856349,-4.893488805663721,2.0,2.0,2.0
620.0,2.0,618.0,783.0,2.2899177920862557,4.280199945929166,2.0,2.0
184.0,3.0,939.0,926.0,80.0,1.1748698184015858,2.320703709156307,-4.6515387870890805,2.0,2.0,2.0
790.0,2.0,783.0,724.0,1.1512647978448567,-4.991796243582703,2.0,2.0
729.0,2.0,783.0,724.0,2.416403738215005,-2.6881615506551775,2.0,2.0
34.0,1.0,26.0,3.72045234053161,2.0
36.0,1.0,26.0,3.258687018696303,2.0
46.0,1.0,26.0,4.012852565175864,2.0
39.0,1.0,26.0,3.5521123003929578,2.0
70.0,1.0,26.0,4.6410971308416205,2.0
28.0,1.0,26.0,3.802600565835079,2.0
352.0,2.0,1148.0,302.0,2.248996470596377,-4.004593152568319,2.0,2.0
594.0,4.0,542.0,543.0,364.0,888.0,-1.1793453632507123,-4.325979811549884,2.4925679979221855,-1.0007307567183394,2.0,2.0,2.0,2.0
536.0,4.0,542.0,543.0,364.0,888.0,-3.0035026799413562,-4.741916625468454,4.329694183750668,-3.597178714332933,2.0,2.0,2.0,2.0
523.0,4.0,542.0,543.0,364.0,888.0,-3.5770102522016303,-4.768247078343661,2.7510677298095123,-3.940018978564137,2.0,2.0,2.0,2.0
555.0,4.0,542.0,543.0,364.0,888.0,-4.225677658159881,-1.2683294751215932,1.803492926965356,-3.6514134319502953,2.0,2.0,2.0,2.0
2.0,1.0,1.0,-4.993599193027269,2.0
1185.0,1.0,1177.0,-2.0170482547891426,2.0
565.0,6.0,364.0,783.0,939.0,926.0,888.0,724.0,-4.33331941505541,4.907416280098812,-3.6896323077086532,-3.0574131159238256,-3.36704201119697,-1.9807050778110895,2.0,2.0,2.0,2.0,2.0,2.0
762.0,6.0,364.0,783.0,939.0,926.0,888.0,724.0,-1.8567416046417993,3.6870179282551407,-1.6650707390990762,-2.669512632426257,-2.7568617842981817,-4.870512366729367,2.0,2.0,2.0,2.0,2.0,2.0
810.0,6.0,364.0,783.0,939.0,926.0,888.0,724.0,-4.045742776301253,2.4447759296319087,-1.909167205491328,-3.21349742496504,-2.5237398358607526,-2.8732333029006663,2.0,2.0,2.0,2.0,2.0,2.0
730.0,2.0,783.0,724.0,3.5535725746495714,-4.236211181542538,2.0,2.0
226.0,1.0,242.0,3.316819792418075,2.0
230.0,2.0,242.0,226.0,1.0000046806580372,-3.7481275535497187,2.0,2.0
852.0,3.0,783.0,939.0,926.0,-2.9295364995287287,4.986214779366046,3.9578191118181905,2.0,2.0,2.0
817.0,3.0,783.0,939.0,926.0,-4.146624164700146,4.117808042290233,3.1049273893004137,2.0,2.0,2.0
864.0,3.0,783.0,939.0,926.0,-1.4784380303233227,1.5225727369848472,4.521772175605364,2.0,2.0,2.0
849.0,3.0,783.0,939.0,926.0,-3.7847761491243532,1.651245910265156,4.736790067883529,2.0,2.0,2.0
821.0,3.0,783.0,939.0,926.0,-4.035797452858491,2.6625447596331515,2.3934018088024223,2.0,2.0,2.0
489.0,5.0,364.0,302.0,939.0,926.0,1077.0,-3.047638926969463,-1.4253103303303445,3.5259483899862225,1.8395489130577745,1.3183568589527677,2.0,2.0,2.0,2.0,2.0
1161.0,1.0,1148.0,2.9301105680880566,2.0
1167.0,1.0,1148.0,1.4432718638434374,2.0
1089.0,1.0,1077.0,2.4626938026851093,2.0
570.0,3.0,364.0,939.0,926.0,-2.2258800189563868,3.576390517454605,1.667902756542052,2.0,2.0,2.0
1066.0,1.0,1064.0,-1.4194554968039563,2.0
969.0,2.0,939.0,926.0,1.560739274595778,2.565644754770864,2.0,2.0
775.0,3.0,719.0,1088.0,804.0,-2.010788814933747,-4.894451307237879,-4.132328212666696,2.0,2.0,2.0
744.0,2.0,719.0,1088.0,-4.658905345855953,-1.7413776206046148,2.0,2.0
127.0,1.0,113.0,-1.4518971596833068,2.0
119.0,1.0,113.0,-3.7740273787519865,2.0
159.0,2.0,82.0,783.0,3.3340329638507544,3.73412616660769,2.0,2.0
166.0,2.0,82.0,783.0,1.280322384982866,2.4646135216890324,2.0,2.0
734.0,1.0,719.0,-1.8188066309302302,2.0
509.0,2.0,783.0,302.0,2.5354296467360813,4.46683862372959,2.0,2.0
967.0,2.0,939.0,926.0,-3.967244188544127,-4.109690283325492,2.0,2.0
732.0,1.0,719.0,-3.3209684775569617,2.0
1022.0,1.0,1020.0,-3.157133830063912,2.0
91.0,1.0,82.0,4.29012954701509,2.0
1036.0,1.0,1033.0,-3.630891236869337,2.0
567.0,2.0,581.0,566.0,-1.0261910214422345,3.1253704590183506,2.0,2.0
583.0,2.0,581.0,566.0,-1.5374970327882664,4.182513408317796,2.0,2.0
234.0,2.0,1148.0,79.0,4.82653198660096,2.893726382549932,2.0,2.0
499.0,3.0,618.0,566.0,364.0,-1.6764271250211453,-4.090249364325145,2.962205650861528,2.0,2.0,2.0
463.0,3.0,618.0,566.0,364.0,-4.956038018169114,-4.646347704681915,4.8580471242161405,2.0,2.0,2.0
609.0,2.0,618.0,566.0,-2.1637448358747235,-4.608151883219286,2.0,2.0
575.0,2.0,618.0,566.0,-4.402322291503424,-1.74288746678996,2.0,2.0
613.0,2.0,618.0,566.0,-1.159944905134195,-3.265379817102466,2.0,2.0
568.0,2.0,618.0,566.0,-1.9208548301158443,-2.6643124065824333,2.0,2.0
244.0,4.0,618.0,566.0,1064.0,80.0,-4.940358286170536,-2.438338654228913,-2.0618538196654375,3.4725008110076647,2.0,2.0,2.0,2.0
754.0,1.0,719.0,-1.244360326762136,2.0
860.0,4.0,910.0,783.0,724.0,875.0,2.5768542022765804,2.007834231352981,-3.729162836082557,4.391598606843473,2.0,2.0,2.0,2.0
752.0,3.0,783.0,724.0,875.0,-2.379805204661544,4.4903825234058665,-1.4420881550320797,2.0,2.0,2.0
779.0,3.0,783.0,724.0,875.0,-1.1319407591577404,3.4297388574071443,-2.818172170177116,2.0,2.0,2.0
736.0,3.0,783.0,724.0,875.0,-3.9183437450317173,1.5463016525243996,-2.002040117032413,2.0,2.0,2.0
590.0,1.0,586.0,4.154129865240946,2.0
592.0,1.0,586.0,1.5010115921425813,2.0
588.0,1.0,586.0,3.915266509535829,2.0
605.0,1.0,586.0,2.0615210154424934,2.0
600.0,1.0,586.0,1.621919927608014,2.0
795.0,1.0,783.0,2.3746028967780295,2.0
847.0,1.0,783.0,1.2931692439882934,2.0
154.0,1.0,64.0,-3.2057391653227927,2.0
421.0,2.0,783.0,302.0,1.325295737170498,2.687674509494539,2.0,2.0
506.0,2.0,783.0,302.0,1.4466004978477245,3.132768983731057,2.0,2.0
910.0,4.0,783.0,939.0,926.0,1177.0,1.0331804390867858,1.4153950537177855,2.3936911277688493,4.546828171394636,2.0,2.0,2.0,2.0
1086.0,1.0,1077.0,-1.0080254170370213,2.0
314.0,4.0,302.0,939.0,926.0,257.0,3.3786768535311658,3.05069844596922,2.110362471753619,3.065510804359119,2.0,2.0,2.0,2.0
531.0,5.0,302.0,939.0,926.0,1122.0,485.0,-2.697615589216262,3.6458413480008214,3.0863656750362733,2.222534490359898,2.9213403563397744,2.0,2.0,2.0,2.0,2.0
310.0,4.0,302.0,939.0,926.0,257.0,3.2294585438690286,2.7598872211831065,2.6967750364974914,3.6870472776363057,2.0,2.0,2.0,2.0
354.0,4.0,302.0,939.0,926.0,257.0,4.033979753662626,1.314072929965262,2.9491344666780575,2.177098351835712,2.0,2.0,2.0,2.0
330.0,3.0,302.0,442.0,257.0,-3.81539562933018,1.6196115392473547,2.8893560314071394,2.0,2.0,2.0
325.0,4.0,302.0,939.0,926.0,257.0,1.8190951563547966,3.0836486942065098,4.215059025355885,3.247308856719715,2.0,2.0,2.0,2.0
304.0,4.0,302.0,939.0,926.0,257.0,2.4120008276979346,4.975832713754662,2.216640130130634,4.326502975366404,2.0,2.0,2.0,2.0
306.0,4.0,302.0,939.0,926.0,257.0,2.3912957859777935,2.073104715193808,4.30256614111668,2.9516375763958282,2.0,2.0,2.0,2.0
336.0,4.0,302.0,939.0,926.0,257.0,3.452855645553263,4.0071234663434705,3.811500382977769,4.78956892969752,2.0,2.0,2.0,2.0
364.0,2.0,939.0,926.0,-2.0631028445641513,1.019282579036458,2.0,2.0
812.0,2.0,826.0,783.0,2.0532503257813186,2.85421259078099,2.0,2.0
819.0,2.0,826.0,783.0,4.245360659700215,1.5486776083147977,2.0,2.0
827.0,2.0,826.0,783.0,4.955754285968676,1.8623885689337314,2.0,2.0
844.0,2.0,826.0,783.0,4.540916845161646,3.8980500176822432,2.0,2.0
141.0,1.0,104.0,1.9293791122900785,2.0
156.0,1.0,104.0,1.640590977583864,2.0
518.0,2.0,302.0,1177.0,4.724768804186812,-4.023731527690396,2.0,2.0
158.0,2.0,79.0,302.0,4.859543397969064,4.267288316926465,2.0,2.0
516.0,2.0,302.0,1177.0,1.328110697383083,-3.624236439089571,2.0,2.0
522.0,2.0,302.0,1177.0,3.4760753048125026,-1.795009495207529,2.0,2.0
1082.0,1.0,1077.0,-1.568240808188004,2.0
410.0,1.0,364.0,4.052200192624982,2.0
711.0,5.0,618.0,783.0,939.0,926.0,724.0,3.202929679375,3.1235946633478213,4.213979658724272,1.623375570384212,-1.8120135431275228,2.0,2.0,2.0,2.0,2.0
876.0,3.0,910.0,783.0,870.0,1.5200531137813984,-4.910647007303243,2.1555182399342274,2.0,2.0,2.0
929.0,3.0,939.0,926.0,1046.0,2.593650418532233,1.5179643513836205,3.200942852220939,2.0,2.0,2.0
252.0,1.0,251.0,-2.463872945736042,2.0
123.0,2.0,83.0,104.0,3.8745880023431143,1.0834736230166344,2.0,2.0
181.0,1.0,82.0,2.000917139736297,2.0
741.0,3.0,790.0,783.0,724.0,3.0859018409759447,1.1260230416601011,-4.492252565474307,2.0,2.0,2.0
834.0,3.0,790.0,783.0,724.0,4.9914512324755655,3.8536089921603853,-4.776459818170978,2.0,2.0,2.0
770.0,3.0,790.0,783.0,724.0,2.155014940776289,1.8578391202223155,-2.356103237480254,2.0,2.0,2.0
776.0,3.0,790.0,783.0,724.0,3.621178839208164,2.197470677947768,-1.8993385810084353,2.0,2.0,2.0
740.0,1.0,719.0,-1.4334322626158569,2.0
760.0,1.0,719.0,-4.33500379236769,2.0
747.0,1.0,719.0,-1.347736909732371,2.0
439.0,1.0,302.0,-4.387949323439106,2.0
1160.0,1.0,1148.0,3.210878428896087,2.0
1144.0,3.0,1133.0,1141.0,1145.0,3.939949287954315,2.089104556547609,-3.764410104823767,2.0,2.0,2.0
1147.0,1.0,1145.0,-2.531345585755442,2.0
1175.0,3.0,1133.0,1141.0,1145.0,3.0539346167900137,3.7971335297104334,-4.514189404769829,2.0,2.0,2.0
650.0,2.0,618.0,783.0,-1.063168775317099,-4.410573636276178,2.0,2.0
709.0,5.0,618.0,790.0,364.0,783.0,724.0,1.143806786336651,1.1976526796894795,-1.4156300729349836,1.8067160022343525,-3.34723556877787,2.0,2.0,2.0,2.0,2.0
129.0,5.0,618.0,83.0,107.0,134.0,104.0,-1.9656979597062674,2.246303573584273,1.7185964969279839,2.207075134534705,3.3287894779481286,2.0,2.0,2.0,2.0,2.0
237.0,4.0,240.0,302.0,257.0,135.0,-1.190675767067264,2.252245807065406,3.6690977048049485,3.8655688823314684,2.0,2.0,2.0,2.0
241.0,4.0,240.0,302.0,257.0,135.0,-2.7350060719325966,3.952513378254982,3.725115504084877,3.618959939400503,2.0,2.0,2.0,2.0
238.0,4.0,240.0,302.0,257.0,135.0,-3.654448617658197,4.100728633473363,2.678255575259124,1.9235617594767191,2.0,2.0,2.0,2.0
81.0,8.0,618.0,364.0,783.0,79.0,71.0,51.0,302.0,121.0,3.316316820645579,-1.0154873497765862,-2.606826339572547,3.6547435173616876,-2.549154842274167,4.439443614990553,-1.6510966121418766,-3.1458789868595853,2.0,2.0,2.0,2.0,2.0,2.0,2.0,2.0
84.0,4.0,364.0,79.0,71.0,51.0,-2.701740393035755,3.015772166799684,-2.754031077858338,1.3289488354406034,2.0,2.0,2.0,2.0
76.0,4.0,364.0,79.0,71.0,51.0,-2.5831807216981137,4.788528168326872,-4.432611743303065,1.219529979903152,2.0,2.0,2.0,2.0
79.0,2.0,82.0,108.0,2.4253337544621125,3.4281077869741683,2.0,2.0
71.0,4.0,783.0,79.0,302.0,64.0,-4.001551472739504,1.0122795389137695,-1.569520323153538,-2.5801149433278394,2.0,2.0,2.0,2.0
51.0,8.0,618.0,364.0,783.0,79.0,71.0,302.0,64.0,121.0,1.8885167466095871,-4.928493707459147,-2.5263458058575634,1.200752878259972,-4.191568205528859,2.0711128477802383,-2.579300519373641,-4.013018118688642,2.0,2.0,2.0,2.0,2.0,2.0,2.0,2.0
63.0,2.0,71.0,51.0,1.7861374116677098,2.170596151700294,2.0,2.0
616.0,5.0,713.0,688.0,302.0,611.0,633.0,-4.970763375521036,-2.101497247298661,-4.51428994486184,-2.075059393414212,-3.13100188593238,2.0,2.0,2.0,2.0,2.0
679.0,5.0,713.0,688.0,302.0,611.0,633.0,-1.03820631649429,-1.8167911243548396,-3.957103953927744,-3.258243569164458,-4.933947404526509,2.0,2.0,2.0,2.0,2.0
615.0,5.0,713.0,688.0,302.0,611.0,633.0,-4.886448100252784,-4.618605455988861,-3.60532565990536,-1.4242223851906903,-4.813127124982443,2.0,2.0,2.0,2.0,2.0
697.0,3.0,713.0,688.0,1122.0,-1.7276353547569285,-4.213646239350896,-2.1209142571829656,2.0,2.0,2.0
688.0,1.0,713.0,-1.90615580176464,2.0
608.0,5.0,713.0,688.0,302.0,611.0,633.0,-4.00004826621712,-4.025778069806611,-2.2882193867262717,-4.7202795578265615,-4.601181225353239,2.0,2.0,2.0,2.0,2.0
728.0,1.0,719.0,-1.0690657178231433,2.0
527.0,1.0,504.0,3.4101552973783877,2.0
510.0,3.0,504.0,783.0,302.0,2.1181693870248135,1.1832403149677009,-4.045488502581051,2.0,2.0,2.0
496.0,3.0,504.0,783.0,302.0,3.6566521116735515,4.508112233394395,-4.4283350116967775,2.0,2.0,2.0
486.0,3.0,504.0,783.0,302.0,2.6711154193636326,4.901253987041524,-2.3352003594880215,2.0,2.0,2.0
417.0,3.0,504.0,783.0,302.0,1.458616128739508,1.5420304446223816,-4.164054896642691,2.0,2.0,2.0
686.0,3.0,618.0,685.0,703.0,-2.123508454412225,-2.675662575664379,-4.778024157193135,2.0,2.0,2.0
676.0,3.0,618.0,685.0,703.0,-4.153168456319399,-4.111241176799819,-2.334231874285271,2.0,2.0,2.0
698.0,3.0,618.0,685.0,703.0,-4.8164143130982975,-3.460246488708758,-4.258305361744652,2.0,2.0,2.0
717.0,3.0,618.0,685.0,703.0,-1.1921077970425387,-4.9126197624853765,-1.8295672156289546,2.0,2.0,2.0
673.0,3.0,618.0,685.0,703.0,-1.2282990594441898,-1.4048668379540534,-2.5698832876056823,2.0,2.0,2.0
695.0,3.0,618.0,685.0,703.0,-4.901695344165896,-2.7020611438420215,-4.8381963314532825,2.0,2.0,2.0
928.0,2.0,939.0,926.0,1.4868454913275788,1.7441097190951433,2.0,2.0
232.0,1.0,231.0,2.9518921156518325,2.0
225.0,4.0,783.0,231.0,257.0,188.0,3.76526923570563,-4.537386301187336,4.806504642000117,-3.4600601158430146,2.0,2.0,2.0,2.0
222.0,4.0,783.0,231.0,257.0,188.0,1.6429889282233754,-1.668541088541295,3.0712441160715316,-2.1482293049568453,2.0,2.0,2.0,2.0
223.0,4.0,783.0,231.0,257.0,188.0,1.8844981795061853,-1.2755137490726907,2.1386785121541676,-2.267457049461633,2.0,2.0,2.0,2.0
150.0,1.0,135.0,-4.5377239425284195,2.0
690.0,4.0,618.0,684.0,939.0,926.0,-1.4293582154515203,4.504181512540427,1.4234498940609135,1.5251047376993205,2.0,2.0,2.0,2.0
674.0,4.0,618.0,684.0,939.0,926.0,-2.258057460389884,3.062001306562145,1.8182519743736556,1.695499314099643,2.0,2.0,2.0,2.0
684.0,1.0,364.0,-2.600360180376789,2.0
691.0,4.0,618.0,684.0,939.0,926.0,-3.4039350806017947,2.506972468146617,3.7471298603348044,4.387164042078191,2.0,2.0,2.0,2.0
700.0,4.0,618.0,684.0,939.0,926.0,-4.283233833292158,4.898827201919038,1.0721062936504824,1.185494412082484,2.0,2.0,2.0,2.0
678.0,4.0,618.0,684.0,939.0,926.0,-4.839320982695242,4.4828020668615265,4.882512000052451,2.725007893658818,2.0,2.0,2.0,2.0
694.0,4.0,618.0,684.0,939.0,926.0,-4.827679550229391,2.3380114940416994,3.9479363530848155,1.6933138714995901,2.0,2.0,2.0,2.0
722.0,1.0,719.0,-2.2948920074974657,2.0
1129.0,1.0,1122.0,-3.2153067141597726,2.0
1126.0,1.0,1122.0,-2.789685675493389,2.0
933.0,3.0,957.0,939.0,926.0,2.1223725983937425,4.937141291894641,4.599134225150344,2.0,2.0,2.0
45.0,2.0,364.0,26.0,3.774237592461029,-2.6332491923798913,2.0,2.0
200.0,1.0,188.0,-4.065512205909082,2.0
26.0,1.0,364.0,1.7399318414136906,2.0
58.0,3.0,939.0,926.0,26.0,2.985401958309536,4.0810844410189375,-2.0570122358711833,2.0,2.0,2.0
48.0,2.0,51.0,26.0,1.6672273345656827,2.421853957844504,2.0,2.0
44.0,2.0,364.0,26.0,3.9762385327640097,-4.672217893211144,2.0,2.0
49.0,3.0,939.0,926.0,26.0,3.2851183622352056,1.2452319402160081,-1.9019822467129655,2.0,2.0,2.0
218.0,4.0,364.0,939.0,926.0,26.0,-4.0565575755930245,2.649098469235877,1.3929686455411474,-3.901440605967455,2.0,2.0,2.0,2.0
388.0,1.0,364.0,1.6223900928765174,2.0
470.0,1.0,364.0,3.110477969974602,2.0
397.0,1.0,364.0,4.078339205340288,2.0
368.0,1.0,364.0,1.1239798622455224,2.0
715.0,4.0,618.0,364.0,783.0,731.0,-2.4932214306118357,4.610869415145725,4.438661839057497,-1.3901857706915495,2.0,2.0,2.0,2.0
706.0,4.0,618.0,364.0,783.0,731.0,-2.1554640984311964,4.253153481566544,1.0394978246240627,-3.7601090033637563,2.0,2.0,2.0,2.0
708.0,4.0,618.0,364.0,783.0,731.0,-2.2039644345673866,2.003928892330193,2.830687448775601,-4.617756350417569,2.0,2.0,2.0,2.0
671.0,2.0,618.0,731.0,-3.6041094827928855,-4.174796983403115,2.0,2.0
738.0,1.0,731.0,-2.361362461768502,2.0
735.0,1.0,731.0,-3.843468094342725,2.0
614.0,5.0,364.0,783.0,731.0,939.0,926.0,2.9525909776467865,2.1861372846281872,-1.4713741592142378,-2.5962497579426485,-1.7043359219377359,2.0,2.0,2.0,2.0,2.0
564.0,5.0,364.0,783.0,731.0,939.0,926.0,3.5727731238216744,1.2646083275849134,-4.334875537649559,-4.864542008767053,-3.078080227665792,2.0,2.0,2.0,2.0,2.0
755.0,1.0,731.0,-2.7082291048597638,2.0
716.0,3.0,618.0,939.0,926.0,-2.1956400629797024,3.7589063926024613,3.803882473375437,2.0,2.0,2.0
89.0,7.0,4.0,783.0,79.0,939.0,926.0,257.0,135.0,-4.914995696627299,-1.8934533985863564,1.2981160860921577,1.0878673687547735,4.118297686323563,1.59643274230833,-3.6993558934515005,2.0,2.0,2.0,2.0,2.0,2.0,2.0
87.0,7.0,4.0,783.0,79.0,939.0,926.0,257.0,135.0,-3.210997771126141,-1.7814243107475876,2.7802415031643357,3.8204297010383335,1.5569767263608179,2.6997989631157817,-4.888944038684311,2.0,2.0,2.0,2.0,2.0,2.0,2.0
103.0,7.0,4.0,783.0,79.0,939.0,926.0,257.0,135.0,-3.5740144040043127,-1.5533359112043685,3.28574891362735,1.019812127557425,1.1987302333084657,2.131597818572755,-4.931466804288084,2.0,2.0,2.0,2.0,2.0,2.0,2.0
298.0,3.0,364.0,302.0,257.0,2.035699110370602,-3.9989840493215705,-1.5360505926440378,2.0,2.0,2.0
321.0,3.0,364.0,302.0,257.0,3.0314719197217057,-3.380616401700588,-2.623102960414353,2.0,2.0,2.0
288.0,2.0,364.0,257.0,4.449079620250316,-1.3548430110198852,2.0,2.0
351.0,3.0,364.0,302.0,257.0,4.121510980697753,-2.313393950518143,-4.778787194957413,2.0,2.0,2.0
416.0,1.0,364.0,-1.6298781676112797,2.0
197.0,2.0,250.0,188.0,3.2975478662557833,-4.125107816903478,2.0,2.0
473.0,1.0,364.0,4.019089167754068,2.0
378.0,1.0,364.0,4.224095910173313,2.0
125.0,1.0,64.0,-1.9598116908338987,2.0
160.0,1.0,79.0,4.138813799753388,2.0
1095.0,2.0,1088.0,1103.0,-4.059694418990995,-3.048721201416234,2.0,2.0
1057.0,1.0,1054.0,-3.8259826034073385,2.0
1093.0,1.0,1088.0,-3.67509418262262,2.0
1104.0,2.0,1088.0,1103.0,-2.931008887190684,-4.717548251030925,2.0,2.0
1091.0,1.0,1088.0,-3.7541918277990916,2.0
1083.0,1.0,1077.0,4.730653421260682,2.0
1079.0,1.0,1077.0,4.130542590573591,2.0
1193.0,1.0,1177.0,-4.683216977448546,2.0
323.0,1.0,302.0,-2.3555239476154464,2.0
331.0,1.0,302.0,-1.3772229812368484,2.0
219.0,3.0,226.0,364.0,188.0,-2.38887707421251,-2.773747688870255,-4.509266886787437,2.0,2.0,2.0
217.0,3.0,226.0,364.0,188.0,-3.7761753381635588,-1.149761859475806,-1.2564529232224468,2.0,2.0,2.0
507.0,1.0,504.0,4.348097788587228,2.0
546.0,1.0,504.0,4.581065148337739,2.0
517.0,1.0,504.0,4.120764956594099,2.0
494.0,1.0,302.0,2.4912309480503256,2.0
492.0,3.0,494.0,513.0,302.0,4.702244707889742,-3.9692242242606195,2.8913417078343193,2.0,2.0,2.0
476.0,2.0,450.0,364.0,4.083974008677213,-2.0049025044907687,2.0,2.0
436.0,1.0,364.0,-1.1080503798938492,2.0
333.0,1.0,302.0,-3.5616226550452694,2.0
815.0,4.0,783.0,724.0,875.0,1177.0,3.6235772519768696,4.08783754038258,3.819198159437509,-4.267069051236769,2.0,2.0,2.0,2.0
774.0,4.0,783.0,724.0,875.0,1177.0,4.753940165050867,2.672402866520939,2.7930518199204775,-3.2443366722421128,2.0,2.0,2.0,2.0
85.0,7.0,79.0,71.0,51.0,302.0,257.0,83.0,121.0,4.023494673849533,-3.158588257214815,-3.4429696891722164,-2.848369038350681,-3.0291096172875114,-1.4734818811414767,2.920547993774286,2.0,2.0,2.0,2.0,2.0,2.0,2.0
78.0,7.0,79.0,71.0,51.0,302.0,257.0,83.0,121.0,2.85996717801901,-1.110086654639801,-4.768828040162276,-3.8285927155247093,-3.2861696188725356,-1.9626487497932543,3.871291150673091,2.0,2.0,2.0,2.0,2.0,2.0,2.0
53.0,3.0,79.0,51.0,302.0,4.711728760985212,4.4273272037127684,-2.2804949697791304,2.0,2.0,2.0
672.0,4.0,618.0,783.0,939.0,926.0,4.111639813273888,-4.8801181572017125,1.6301415418334515,1.2830528892219215,2.0,2.0,2.0,2.0
945.0,2.0,939.0,926.0,-4.028924942600957,-1.9633757313580116,2.0,2.0
1080.0,1.0,1077.0,2.9185057289752523,2.0
198.0,2.0,586.0,80.0,-2.308822976524015,1.764631348986581,2.0,2.0
199.0,1.0,188.0,-4.251063236559117,2.0
587.0,2.0,1148.0,586.0,1.8124904222269898,-3.3343011984356368,2.0,2.0
950.0,3.0,1006.0,939.0,926.0,-4.558939464588922,-3.786811301455262,1.9638247381452736,2.0,2.0,2.0
1006.0,2.0,939.0,926.0,-1.8857406257064175,-2.474041162342464,2.0,2.0
29.0,3.0,4.0,302.0,26.0,-3.0271270017462477,3.992725723158719,2.564343673499616,2.0,2.0,2.0
27.0,3.0,4.0,302.0,26.0,-2.063562657145853,3.0089011088085247,2.7497164894224846,2.0,2.0,2.0
41.0,3.0,4.0,302.0,26.0,-3.674844255752288,4.353843115554625,1.2873536047871048,2.0,2.0,2.0
30.0,3.0,4.0,302.0,26.0,-1.389105104162573,1.9757640559169767,2.027193570973002,2.0,2.0,2.0
401.0,1.0,364.0,4.023968656100921,2.0
169.0,2.0,1148.0,79.0,4.498827338359893,1.519229235930629,2.0,2.0
390.0,4.0,364.0,783.0,302.0,407.0,-1.8551923843656346,2.357762800647097,-3.369772081622092,1.0960360430688896,2.0,2.0,2.0,2.0
500.0,3.0,783.0,250.0,1177.0,-4.38278489603133,2.547607963562105,-3.7295252235774803,2.0,2.0,2.0
302.0,2.0,450.0,364.0,4.580606248434365,1.1803028990546065,2.0,2.0
927.0,2.0,939.0,926.0,-3.3877202306256438,-2.130514706772627,2.0,2.0
1026.0,1.0,1012.0,-2.300898966225255,2.0
954.0,2.0,939.0,926.0,1.3329118909616429,2.86057562668937,2.0,2.0
633.0,1.0,364.0,4.957813790225934,2.0
611.0,1.0,364.0,-4.988105520293886,2.0
541.0,6.0,574.0,618.0,364.0,1020.0,724.0,875.0,3.3556928011630673,3.1067329248758475,-1.362436465716499,-1.6650767317806223,-2.4720448931168453,-3.86852854529359,2.0,2.0,2.0,2.0,2.0,2.0
601.0,6.0,574.0,618.0,364.0,1020.0,724.0,875.0,2.2676674623996154,2.298827019152472,-4.858655259924762,-2.523585694410812,-1.9031593516058631,-1.8796089807934244,2.0,2.0,2.0,2.0,2.0,2.0
579.0,6.0,574.0,618.0,364.0,1020.0,724.0,875.0,1.92553702499622,4.6446649311877035,-3.9205310705948766,-4.531195876537803,-1.5763346634135056,-1.6400710553098539,2.0,2.0,2.0,2.0,2.0,2.0
562.0,6.0,574.0,618.0,364.0,1020.0,724.0,875.0,4.734332707868,2.9080242930655706,-2.5402870214379285,-3.207904954858518,-3.545106451064049,-2.061366487545827,2.0,2.0,2.0,2.0,2.0,2.0
554.0,6.0,574.0,618.0,364.0,1020.0,724.0,875.0,4.844217745568629,2.166763233503405,-4.219762039833999,-2.5620133332149444,-1.4042035266916848,-4.141383299545749,2.0,2.0,2.0,2.0,2.0,2.0
582.0,6.0,574.0,618.0,364.0,1020.0,724.0,875.0,1.2336625126318985,4.421880326842054,-3.9182761894190588,-3.9677218799087792,-2.6068626554061147,-2.3585951527947784,2.0,2.0,2.0,2.0,2.0,2.0
624.0,2.0,618.0,724.0,-3.4130640080692998,-4.174142282145593,2.0,2.0
647.0,2.0,618.0,724.0,-3.661310127341503,-4.559639468952614,2.0,2.0
639.0,2.0,618.0,724.0,-1.9802929227725015,-3.53227261304399,2.0,2.0
702.0,2.0,618.0,724.0,-1.9125257787761267,-1.2486579297381302,2.0,2.0
693.0,2.0,618.0,724.0,-2.1675615183559502,-1.9866118110689626,2.0,2.0
643.0,2.0,618.0,724.0,-3.4464029775047282,-1.372866916307519,2.0,2.0
638.0,2.0,618.0,724.0,-3.697898940458053,-2.0191212738296147,2.0,2.0
640.0,2.0,618.0,724.0,-2.48601127131608,-3.527322240032127,2.0,2.0
914.0,5.0,910.0,939.0,926.0,888.0,1177.0,2.3960537644618225,3.925247824843798,2.3144005445762033,1.5092199590382296,-3.736933731659321,2.0,2.0,2.0,2.0,2.0
918.0,5.0,910.0,939.0,926.0,888.0,1177.0,4.945906220922394,4.462175145930553,1.2942793448720185,3.688269607512113,-2.3805159537687217,2.0,2.0,2.0,2.0,2.0
936.0,5.0,910.0,939.0,926.0,888.0,1177.0,3.0000838769407046,2.4844471951133573,2.4801004430165,4.715466825763725,-1.6328433919406473,2.0,2.0,2.0,2.0,2.0
955.0,5.0,910.0,939.0,926.0,888.0,1177.0,4.390382431528659,1.837459412715483,3.757424017624541,4.457085783440195,-2.228125552045342,2.0,2.0,2.0,2.0,2.0
911.0,5.0,910.0,939.0,926.0,888.0,1177.0,2.7399256536806305,2.091341635855764,3.205522987497831,4.904331066810538,-4.423135575132317,2.0,2.0,2.0,2.0,2.0
898.0,5.0,910.0,939.0,926.0,888.0,1177.0,1.6723071020335936,1.026823199849734,2.4045500422393458,3.3033072356959527,-1.4699103217329936,2.0,2.0,2.0,2.0,2.0
913.0,5.0,910.0,939.0,926.0,888.0,1177.0,3.3741050547837217,1.8349984743736414,2.666213143254405,1.9025474841332457,-3.464172606419124,2.0,2.0,2.0,2.0,2.0
962.0,5.0,910.0,939.0,926.0,888.0,1177.0,4.011232691511542,2.4781941806161347,1.928618463737029,1.1731672460304763,-4.386746986466031,2.0,2.0,2.0,2.0,2.0
919.0,5.0,910.0,939.0,926.0,888.0,1177.0,4.078158870993952,2.5352973146820847,1.9640527696613086,1.122462441135914,-2.4225101841310472,2.0,2.0,2.0,2.0,2.0
1013.0,1.0,910.0,2.6160547686627247,2.0
861.0,3.0,910.0,783.0,870.0,2.3179897980379693,-3.9187008896384805,2.7794854468197943,2.0,2.0,2.0
854.0,3.0,910.0,783.0,870.0,1.2755836318890537,-3.94249780851586,3.8264936568489762,2.0,2.0,2.0
899.0,3.0,910.0,783.0,870.0,2.1011648228536743,-3.468393365999723,4.585497011587571,2.0,2.0,2.0
853.0,3.0,910.0,783.0,870.0,3.040126503823964,-3.8262118537923504,3.987123127991264,2.0,2.0,2.0
894.0,3.0,910.0,783.0,870.0,2.8240101785690643,-2.6944750849659096,3.3916321922577586,2.0,2.0,2.0
878.0,3.0,910.0,783.0,870.0,2.965976680527889,-1.141825950718812,2.157702222657313,2.0,2.0,2.0
865.0,3.0,910.0,783.0,870.0,3.9788409636141293,-3.325302453802113,3.6744078504567286,2.0,2.0,2.0
850.0,3.0,910.0,783.0,870.0,2.8165452964106095,-4.380947875212174,1.4911670949802929,2.0,2.0,2.0
896.0,3.0,910.0,783.0,870.0,3.900352975075383,-2.691493786701679,2.6066297406509915,2.0,2.0,2.0
863.0,3.0,910.0,783.0,870.0,3.0326448799146966,-2.777780240616012,1.704828488008339,2.0,2.0,2.0
870.0,2.0,910.0,783.0,4.62317304215489,-1.5230817099995022,2.0,2.0
925.0,4.0,910.0,939.0,926.0,1177.0,1.3471734538722697,3.4071939455763767,2.945377874706241,-2.9902250139340434,2.0,2.0,2.0,2.0
902.0,5.0,910.0,783.0,939.0,926.0,1177.0,4.734968170103972,1.9962207454275758,1.9051707202217054,4.995674056318357,-3.0339277577120325,2.0,2.0,2.0,2.0,2.0
916.0,5.0,910.0,783.0,939.0,926.0,1177.0,3.7210391072898346,4.818351348159558,2.681510666142312,3.959150037603972,-1.3442178696325282,2.0,2.0,2.0,2.0,2.0
903.0,5.0,910.0,783.0,939.0,926.0,1177.0,3.0896090727402417,2.138817259881177,4.835688414768152,3.7810984952191427,-4.845622838831203,2.0,2.0,2.0,2.0,2.0
924.0,5.0,910.0,783.0,939.0,926.0,1177.0,2.905680335185335,4.297679193121052,1.0143411226376555,1.7334161899468334,-1.199641320027022,2.0,2.0,2.0,2.0,2.0
781.0,2.0,910.0,719.0,1.2379169272318373,-4.499870575060834,2.0,2.0
931.0,2.0,939.0,926.0,1.1003691014745423,4.528374544748998,2.0,2.0
642.0,2.0,618.0,719.0,-4.783006344047179,1.5792101717146791,2.0,2.0
576.0,1.0,566.0,2.6406945554953505,2.0
1096.0,2.0,1088.0,1103.0,-4.92952542558521,1.405545488535823,2.0,2.0
1090.0,2.0,1088.0,1103.0,-4.961351703935909,1.3298983941794247,2.0,2.0
1094.0,2.0,1088.0,1103.0,-4.991375730998914,4.755515071699491,2.0,2.0
1103.0,1.0,1088.0,-3.9795027768712936,2.0
1092.0,2.0,1088.0,1103.0,-4.084818047605472,1.943480265860309,2.0,2.0
926.0,2.0,939.0,1177.0,-1.361495783981863,-1.4318106431704631,2.0,2.0
270.0,2.0,364.0,257.0,3.9509969216458045,-1.5119936896896626,2.0,2.0
332.0,3.0,364.0,302.0,257.0,3.556413772556696,-1.3081145393093951,-2.5172356685971558,2.0,2.0,2.0
335.0,3.0,364.0,302.0,257.0,3.513118039341596,-2.1255744252826037,-1.3683342010065798,2.0,2.0,2.0
282.0,3.0,939.0,926.0,257.0,-2.9937498445664437,-3.0595035984968915,-3.3244032088400877,2.0,2.0,2.0
460.0,3.0,939.0,926.0,257.0,-1.1547799545696584,-3.856737159744525,-3.4363206002023756,2.0,2.0,2.0
444.0,3.0,939.0,926.0,257.0,-1.438006239668122,-4.840212571577421,-4.132887051990178,2.0,2.0,2.0
291.0,2.0,302.0,257.0,-4.061529415966177,2.943144532001647,2.0,2.0
301.0,2.0,302.0,257.0,-1.1145857761007973,3.2976638143211274,2.0,2.0
468.0,3.0,939.0,926.0,257.0,-1.064840800611159,-3.0475287927120034,-3.773031826672777,2.0,2.0,2.0
432.0,3.0,939.0,926.0,257.0,-3.603240942505834,-4.366323048018074,-3.782081309003235,2.0,2.0,2.0
452.0,3.0,939.0,926.0,257.0,-1.5380635641984761,-1.852341853125342,-3.5396333567701492,2.0,2.0,2.0
116.0,3.0,83.0,107.0,104.0,4.751669300087294,1.7622233944647419,1.014662340104767,2.0,2.0,2.0
54.0,2.0,4.0,364.0,-2.6928585049273517,4.742087886068802,2.0,2.0
1197.0,1.0,1177.0,-4.615379783040487,2.0
796.0,1.0,783.0,3.8474752789472118,2.0
644.0,2.0,618.0,783.0,1.6384958875928786,2.1854090117707687,2.0,2.0
1116.0,1.0,1113.0,2.8893997260263036,2.0
1024.0,1.0,1020.0,-4.051813395506791,2.0
1027.0,1.0,1020.0,-3.2127671518542478,2.0
1023.0,1.0,1020.0,-1.101504945187879,2.0
418.0,1.0,364.0,-4.02849274595688,2.0
851.0,2.0,783.0,1077.0,3.9911956697137847,4.375647450972366,2.0,2.0
266.0,1.0,257.0,4.234255800820577,2.0
483.0,1.0,364.0,3.4581129701730564,2.0
502.0,2.0,302.0,449.0,-4.223424395727568,-1.2002199231792745,2.0,2.0
437.0,2.0,302.0,449.0,-3.43127363007776,-2.7829732799666913,2.0,2.0
428.0,2.0,302.0,449.0,-2.7547818054250848,-4.953366290314172,2.0,2.0
498.0,1.0,465.0,4.034716236546815,2.0
360.0,1.0,359.0,3.7607561163903096,2.0
367.0,1.0,359.0,4.358468942243096,2.0
370.0,1.0,359.0,3.2135548333176245,2.0
626.0,1.0,359.0,1.4462005838704384,2.0
362.0,1.0,359.0,1.3440864016935796,2.0
359.0,1.0,302.0,-4.9076954433339415,2.0
454.0,1.0,364.0,3.79883293187758,2.0
365.0,1.0,364.0,1.3822200589664098,2.0
382.0,1.0,364.0,3.8775747473141187,2.0
399.0,1.0,364.0,2.1425585551656705,2.0
373.0,1.0,364.0,1.504801709365259,2.0
520.0,1.0,364.0,4.086494740861088,2.0
249.0,3.0,240.0,302.0,257.0,-2.7401788842321073,1.91388465240673,1.9970040985180053,2.0,2.0,2.0
296.0,1.0,257.0,-1.8968978575067807,2.0
263.0,1.0,257.0,-3.4559153366294875,2.0
289.0,1.0,257.0,-3.757180829565059,2.0
261.0,1.0,257.0,-2.592177740555916,2.0
271.0,1.0,257.0,-1.541341738004605,2.0
290.0,1.0,257.0,-1.2591291246083665,2.0
619.0,2.0,618.0,636.0,-4.8869773486649954,-1.528927633836621,2.0,2.0
634.0,2.0,618.0,636.0,-4.2144750921913205,-2.64653533277349,2.0,2.0
636.0,1.0,618.0,-3.043018706221324,2.0
61.0,1.0,51.0,2.349933024153408,2.0
528.0,4.0,618.0,364.0,783.0,586.0,-3.0084946622845963,1.2697958245378786,-1.6772814133534313,-4.63506632533924,2.0,2.0,2.0,2.0
167.0,2.0,1148.0,79.0,4.803929286406492,4.155918437721855,2.0,2.0
161.0,2.0,1148.0,79.0,1.2150801656476897,4.22939744387427,2.0,2.0
257.0,2.0,79.0,1177.0,4.160218185597371,-2.8949039564780277,2.0,2.0
386.0,1.0,364.0,3.122665380369788,2.0
260.0,1.0,257.0,-3.2977954174770776,2.0
425.0,1.0,364.0,2.3708177509987514,2.0
381.0,1.0,364.0,2.601158219440401,2.0
981.0,3.0,939.0,926.0,995.0,4.169138592664057,3.1916551383419858,-3.887663613448069,2.0,2.0,2.0
457.0,2.0,364.0,465.0,1.550410384828639,4.337904438082177,2.0,2.0
493.0,2.0,364.0,465.0,3.4066532152427995,3.957951560186688,2.0,2.0
431.0,2.0,364.0,465.0,4.710375167740809,3.603717360896592,2.0,2.0
469.0,1.0,465.0,3.6393592036796854,2.0
478.0,1.0,465.0,2.5021149685256234,2.0
479.0,2.0,783.0,465.0,2.593738657034328,2.503718036841404,2.0,2.0
481.0,2.0,783.0,465.0,1.778823038739913,3.8618748846274435,2.0,2.0
214.0,2.0,465.0,80.0,2.874323751497214,2.239914985904787,2.0,2.0
465.0,2.0,756.0,257.0,-3.193328613275798,3.166884164043488,2.0,2.0
490.0,1.0,465.0,2.0195973688145683,2.0
759.0,3.0,756.0,719.0,1122.0,-4.604133581696396,-3.42404147136224,-2.0694347294070434,2.0,2.0,2.0
767.0,3.0,756.0,719.0,1122.0,-2.6873530451269994,-4.446154502420895,-4.595012347845509,2.0,2.0,2.0
766.0,3.0,756.0,719.0,1122.0,-1.3254535825529445,-4.016903254236638,-1.3978054972351464,2.0,2.0,2.0
975.0,3.0,939.0,926.0,992.0,1.5746735646481786,1.9319884393111972,-2.784058738090823,2.0,2.0,2.0
83.0,4.0,364.0,122.0,107.0,104.0,4.015941809127982,3.740468577477595,-4.325802531340191,4.729630945815339,2.0,2.0,2.0,2.0
138.0,5.0,364.0,83.0,122.0,107.0,104.0,2.1063688971000203,2.233504990478439,-3.8779006679637797,2.464824207216508,3.656393207031924,2.0,2.0,2.0,2.0,2.0
122.0,3.0,364.0,107.0,104.0,1.8388204050981471,4.803163060851337,-4.435400017115311,2.0,2.0,2.0
398.0,1.0,364.0,3.451523983806635,2.0
769.0,1.0,618.0,-1.6552872032998946,2.0
1101.0,2.0,1097.0,1148.0,2.503766761205433,1.4052919943786049,2.0,2.0
1111.0,2.0,1097.0,1148.0,2.8017459722529674,1.2630769406247198,2.0,2.0
1100.0,2.0,1097.0,1148.0,1.684312215507164,1.6172548214054792,2.0,2.0
1098.0,2.0,1097.0,1148.0,1.2059392891236818,2.0810145979692747,2.0,2.0
100.0,5.0,82.0,79.0,71.0,51.0,108.0,3.671080845847018,2.468623489659871,4.150210105692059,1.5229673000132635,4.826277994133287,2.0,2.0,2.0,2.0,2.0
73.0,5.0,82.0,79.0,71.0,51.0,108.0,1.4234050702520107,1.98945880798018,4.801520214841847,1.6332444882913384,4.986165966830043,2.0,2.0,2.0,2.0,2.0
253.0,2.0,251.0,250.0,-2.5140711668875193,1.8239057510550136,2.0,2.0
176.0,2.0,251.0,80.0,-3.69786813491822,2.677767288623328,2.0,2.0
272.0,1.0,251.0,-1.8387583098761309,2.0
317.0,2.0,251.0,250.0,-4.296146873168824,1.4917370442072548,2.0,2.0
293.0,1.0,251.0,-3.1482622622084167,2.0
283.0,1.0,250.0,3.911007587146209,2.0
262.0,1.0,251.0,-1.6615798115496903,2.0
277.0,1.0,251.0,-2.579827889242525,2.0
177.0,2.0,251.0,80.0,-1.8317401152377402,2.7924537597401375,2.0,2.0
254.0,1.0,251.0,-4.745923132255992,2.0
329.0,1.0,251.0,-1.4164733086287837,2.0
250.0,1.0,251.0,-1.7259594670874678,2.0
458.0,1.0,364.0,1.8489536911360016,2.0
366.0,1.0,364.0,2.673021987105889,2.0
24.0,2.0,4.0,364.0,-1.7745819295969882,2.132016234879575,2.0,2.0
707.0,3.0,364.0,713.0,688.0,-2.670777787814948,-4.512209026089648,-2.1706299039530172,2.0,2.0,2.0
727.0,2.0,713.0,688.0,-3.121402504530996,-1.9070308203488904,2.0,2.0
699.0,3.0,364.0,713.0,688.0,-4.819436340181532,-2.0610167372737753,-3.719982185029462,2.0,2.0,2.0
92.0,1.0,80.0,1.1133606344959714,2.0
190.0,1.0,80.0,3.7114437483349754,2.0
1189.0,1.0,1177.0,-2.2910428239085534,2.0
120.0,11.0,110.0,302.0,633.0,611.0,939.0,926.0,257.0,83.0,1064.0,107.0,104.0,-2.5987111222960526,-1.0650891739245552,3.5493303117563983,1.1032913911918394,-4.095506455021227,-4.112246887190004,-1.1774149575736623,4.962724921462336,4.297584556300707,2.983084238702441,4.343085061547448,2.0,2.0,2.0,2.0,2.0,2.0,2.0,2.0,2.0,2.0,2.0
201.0,2.0,202.0,135.0,-2.050268589781863,-4.445971450470772,2.0,2.0
144.0,1.0,107.0,1.4835807692425034,2.0
186.0,2.0,202.0,135.0,-1.2946148400307176,-4.281581375177052,2.0,2.0
1084.0,2.0,1085.0,1077.0,-3.005972955272359,2.272473372991475,2.0,2.0
822.0,3.0,866.0,783.0,888.0,-1.3710564279381185,4.110842086822872,1.5976713358656438,2.0,2.0,2.0
848.0,3.0,866.0,783.0,888.0,-3.912766681015851,2.4295928174643584,2.2221275104644502,2.0,2.0,2.0
841.0,3.0,866.0,783.0,888.0,-3.4560635280830807,1.0257348923195457,4.759447934095816,2.0,2.0,2.0
831.0,3.0,866.0,783.0,888.0,-4.452022140759663,1.6129739188671728,2.6548178495961055,2.0,2.0,2.0
830.0,3.0,866.0,783.0,888.0,-4.4189426642294,2.05055347516775,2.1891799848902043,2.0,2.0,2.0
891.0,1.0,888.0,-2.761597301879112,2.0
892.0,1.0,888.0,-4.447129756112343,2.0
890.0,1.0,888.0,-3.5718288053220175,2.0
651.0,3.0,618.0,783.0,724.0,2.7607512099737224,-4.759098578743383,4.326768717251934,2.0,2.0,2.0
652.0,3.0,618.0,783.0,724.0,3.3950922305578604,-4.613836811536548,1.0839895395274373,2.0,2.0,2.0
1173.0,1.0,1148.0,-3.0064612590116293,2.0
1164.0,1.0,1148.0,-2.1265961307745744,2.0
392.0,1.0,364.0,-4.3550792820758755,2.0
511.0,3.0,364.0,719.0,538.0,-1.9026484147921985,-1.0529858826552174,-4.684348447401664,2.0,2.0,2.0
563.0,3.0,364.0,719.0,538.0,-4.7671496952078805,-4.909696472493801,-3.1117249538032272,2.0,2.0,2.0
538.0,2.0,364.0,719.0,-3.8155798372671454,-4.002837033902155,2.0,2.0
687.0,6.0,633.0,611.0,939.0,926.0,1069.0,1046.0,-1.5346169572800084,-1.2121697899277382,-1.67002781681057,-3.8411578403019417,-1.6920723840834526,2.5649576417684092,2.0,2.0,2.0,2.0,2.0,2.0
322.0,1.0,302.0,3.7345061711129697,2.0
320.0,1.0,302.0,2.7130697481117925,2.0
328.0,1.0,302.0,4.2039310670496794,2.0
1150.0,1.0,1148.0,4.884030717603702,2.0
135.0,1.0,26.0,-2.8672693503850004,2.0
209.0,2.0,1122.0,80.0,-3.323664300053228,4.89137657704428,2.0,2.0
1124.0,1.0,1122.0,-3.6662980819220046,2.0
1123.0,1.0,1122.0,-1.1588912219141227,2.0
1127.0,1.0,1122.0,-2.0960111618442974,2.0
471.0,2.0,364.0,485.0,-1.508213332025265,-4.350132944367421,2.0,2.0
497.0,2.0,1122.0,485.0,-3.4262278487081304,-3.4724191767111354,2.0,2.0
466.0,2.0,364.0,485.0,-4.647769898905706,-1.464929951455975,2.0,2.0
472.0,2.0,364.0,485.0,-4.8735852878678445,-3.1314401924759108,2.0,2.0
487.0,2.0,1122.0,485.0,-4.645013069342156,-3.63012454477462,2.0,2.0
455.0,2.0,364.0,485.0,-4.361246190804227,-2.5198848293172302,2.0,2.0
882.0,5.0,783.0,1020.0,888.0,724.0,875.0,3.0334898426032306,-2.410000570079197,1.1008188203093825,-2.211251491225409,-4.744892515350871,2.0,2.0,2.0,2.0,2.0
917.0,5.0,783.0,1020.0,888.0,724.0,875.0,4.691695972135079,-2.8346287334552898,4.145696002960369,-2.871333003081069,-3.8136835247132104,2.0,2.0,2.0,2.0,2.0
907.0,5.0,783.0,1020.0,888.0,724.0,875.0,3.1477459841573845,-2.0530008221974825,3.5862048456374676,-1.78870281797203,-2.892506050255855,2.0,2.0,2.0,2.0,2.0
887.0,5.0,783.0,1020.0,888.0,724.0,875.0,1.4629135835921927,-3.8058824507269393,4.331946832320762,-1.413012714251321,-4.315570399961426,2.0,2.0,2.0,2.0,2.0
889.0,5.0,783.0,1020.0,888.0,724.0,875.0,4.9521158831373935,-2.846154195678704,4.466566454644241,-4.942570303850922,-3.470549860634622,2.0,2.0,2.0,2.0,2.0
897.0,5.0,783.0,1020.0,888.0,724.0,875.0,4.986377723287246,-3.7372553473303527,2.241726036720901,-4.652119568542554,-1.0369570747517418,2.0,2.0,2.0,2.0,2.0
908.0,5.0,783.0,1020.0,888.0,724.0,875.0,3.6609760844992607,-2.7499282224986934,1.0381616982697564,-4.751994096288185,-2.7611109663331104,2.0,2.0,2.0,2.0,2.0
553.0,6.0,364.0,783.0,939.0,926.0,724.0,573.0,-2.943799407992397,4.32940855480359,2.0009529384406197,4.236394022545653,3.6873245951587186,3.6141434540428095,2.0,2.0,2.0,2.0,2.0,2.0
589.0,6.0,364.0,783.0,939.0,926.0,724.0,573.0,-2.2704433915984223,3.7204946703843893,3.8137841053160413,3.3115563924559512,3.412239264793477,3.9208220631104735,2.0,2.0,2.0,2.0,2.0,2.0
557.0,6.0,364.0,783.0,939.0,926.0,724.0,573.0,-2.3354255929626446,2.5277437627790285,1.2148455853216147,4.832409067079158,3.237252737257868,1.7096629334566842,2.0,2.0,2.0,2.0,2.0,2.0
585.0,6.0,364.0,783.0,939.0,926.0,724.0,573.0,-4.663549425667906,4.633231968132955,2.217264904532531,1.0608385319969154,1.367856758591286,3.357012755539548,2.0,2.0,2.0,2.0,2.0,2.0
571.0,5.0,364.0,783.0,939.0,926.0,724.0,-2.8563187616980827,1.4872435261311048,2.41781919540804,1.925924082244265,3.4055291992951786,2.0,2.0,2.0,2.0,2.0
724.0,2.0,783.0,888.0,-1.2651714514607417,4.397628401239805,2.0,2.0
825.0,2.0,783.0,888.0,-3.800478784335275,4.5294918741546075,2.0,2.0
595.0,7.0,618.0,364.0,783.0,939.0,926.0,1177.0,586.0,4.342227362810485,-2.4663565435566683,-1.2533448195598424,-2.674097547987736,-2.1956678034355446,-1.525781423212885,-3.1706761118885862,2.0,2.0,2.0,2.0,2.0,2.0,2.0
155.0,2.0,163.0,64.0,-2.000383836678715,-4.677966089229869,2.0,2.0
163.0,1.0,64.0,-3.7570160379939104,2.0
152.0,3.0,83.0,107.0,104.0,3.4157958438597404,4.540615040495681,4.647743667618997,2.0,2.0,2.0
132.0,1.0,104.0,1.6904537841437506,2.0
93.0,1.0,83.0,2.3125146707358657,2.0
1025.0,2.0,1088.0,1020.0,-1.555099523546402,-4.894588541215253,2.0,2.0
363.0,2.0,302.0,355.0,-2.642011939376359,1.6348641530978285,2.0,2.0
355.0,1.0,302.0,-1.2179590901616653,2.0
788.0,3.0,783.0,724.0,749.0,4.449197479532023,-3.1443365747329537,-1.8793577571810038,2.0,2.0,2.0
739.0,3.0,783.0,724.0,749.0,3.6245790392892703,-3.416173880165956,-1.2438161243685597,2.0,2.0,2.0
758.0,3.0,783.0,724.0,749.0,3.525590849583826,-1.7746500138043095,-1.0666233587913796,2.0,2.0,2.0
745.0,3.0,783.0,724.0,749.0,4.463534788464244,-3.6240044147098067,-3.0829354057751006,2.0,2.0,2.0
750.0,3.0,783.0,724.0,749.0,2.0696882720094534,-1.0521909190516014,-3.2390264538935116,2.0,2.0,2.0
749.0,2.0,783.0,724.0,2.9203729222481534,-3.7363685140357967,2.0,2.0
544.0,8.0,364.0,783.0,719.0,302.0,939.0,926.0,724.0,875.0,-3.0320841122012263,4.244804984594501,-4.111274208449494,-2.389792352050549,-1.3930223686475154,-1.31119397866838,3.089743436050095,2.434410547831887,2.0,2.0,2.0,2.0,2.0,2.0,2.0,2.0
535.0,8.0,364.0,783.0,719.0,302.0,939.0,926.0,724.0,875.0,-4.98171982955954,4.974266788378481,-4.802492889526283,-1.7088649523402024,-3.188812603364895,-3.8697120975472123,3.4628229764016165,2.690453233728234,2.0,2.0,2.0,2.0,2.0,2.0,2.0,2.0
533.0,8.0,364.0,783.0,719.0,302.0,939.0,926.0,724.0,875.0,-2.7886848202083208,1.1436104311919197,-2.6990375445604555,-2.7885450862720638,-3.0737549840879796,-4.495568259293763,4.034940515411664,4.386432143535,2.0,2.0,2.0,2.0,2.0,2.0,2.0,2.0
880.0,1.0,1177.0,-3.7969776719344064,2.0
886.0,6.0,783.0,939.0,926.0,724.0,875.0,880.0,-4.79380745091076,-4.578992857927234,-3.3464649157920516,-3.0845305501103804,-4.60163050959939,1.8424353131086924,2.0,2.0,2.0,2.0,2.0,2.0
871.0,6.0,783.0,939.0,926.0,724.0,875.0,880.0,-3.798707595803746,-3.7696437006889525,-3.9505895078835374,-2.929655207762055,-4.254863614456336,3.4370594028487664,2.0,2.0,2.0,2.0,2.0,2.0
239.0,4.0,242.0,226.0,364.0,255.0,2.901420742656657,2.6107807442292317,1.6932794760441023,-1.3360848252600297,2.0,2.0,2.0,2.0
227.0,4.0,242.0,226.0,364.0,255.0,1.5055065287941471,3.970152773418896,3.292707061881481,-4.671198094825704,2.0,2.0,2.0,2.0
273.0,2.0,783.0,255.0,4.045497822338069,-3.4666363393759676,2.0,2.0
268.0,1.0,255.0,-3.768783293882405,2.0
267.0,1.0,255.0,-1.5641700395110165,2.0
276.0,2.0,783.0,255.0,4.8609205465232925,-4.320813582685283,2.0,2.0
345.0,1.0,255.0,-3.6237115952533516,2.0
299.0,1.0,255.0,-4.509957137106752,2.0
895.0,7.0,364.0,783.0,939.0,926.0,724.0,875.0,1177.0,-2.6052015489781666,2.635942817163107,-4.876936908998459,-1.4572253856783384,-3.6796991154829115,3.4234665388321264,-4.064303011014733,2.0,2.0,2.0,2.0,2.0,2.0,2.0
906.0,7.0,364.0,783.0,939.0,926.0,724.0,875.0,1177.0,-2.0401117254281216,3.766131980935916,-3.8806139304424443,-2.7857502953856432,-3.0227904080006467,1.5397485505144304,-4.99442292582416,2.0,2.0,2.0,2.0,2.0,2.0,2.0
923.0,7.0,364.0,783.0,939.0,926.0,724.0,875.0,1177.0,-4.565931695958129,4.230157565607929,-2.361894114921938,-4.444071816013396,-2.493049725862751,1.143177602171364,-2.373410734011257,2.0,2.0,2.0,2.0,2.0,2.0,2.0
885.0,7.0,364.0,783.0,939.0,926.0,724.0,875.0,1177.0,-1.196278331268744,4.619131438286473,-1.862695907590779,-2.720215810827022,-3.3450756910098405,1.2650948230355503,-3.2951240362316425,2.0,2.0,2.0,2.0,2.0,2.0,2.0
909.0,7.0,364.0,783.0,939.0,926.0,724.0,875.0,1177.0,-3.8813175791656294,2.4575136169204286,-3.4034679353698527,-2.8925360116678975,-2.8456492973624563,3.648338998790848,-2.7796680644952194,2.0,2.0,2.0,2.0,2.0,2.0,2.0
893.0,7.0,364.0,783.0,939.0,926.0,724.0,875.0,1177.0,-1.4571211526937526,4.626589912141818,-2.400997276470384,-3.5313966591877253,-4.151793950893093,3.557682120919266,-3.0542273532375934,2.0,2.0,2.0,2.0,2.0,2.0,2.0
915.0,7.0,364.0,783.0,939.0,926.0,724.0,875.0,1177.0,-3.0673014547943724,4.978340585717513,-2.0796224967236614,-4.70608162591404,-4.720123457192518,4.087966400367326,-4.248768268572338,2.0,2.0,2.0,2.0,2.0,2.0,2.0
572.0,6.0,618.0,364.0,783.0,939.0,926.0,724.0,-3.13472634143588,2.1869007779933494,-3.5300767714283534,-4.788911368228893,-4.596947049738969,3.248692823896239,2.0,2.0,2.0,2.0,2.0,2.0
654.0,6.0,618.0,364.0,783.0,939.0,926.0,724.0,-2.916299789498334,3.2891960830829854,-1.5050721868486399,-2.967713641903371,-3.05521003293334,4.549494251018171,2.0,2.0,2.0,2.0,2.0,2.0
549.0,6.0,618.0,364.0,783.0,939.0,926.0,724.0,-4.177219164627171,3.2411608367602236,-1.3701622992485767,-2.9125454470396597,-3.6964480352630726,4.834168541052902,2.0,2.0,2.0,2.0,2.0,2.0
662.0,6.0,618.0,364.0,783.0,939.0,926.0,724.0,-4.9377546050481005,4.162814796998042,-1.184730178721932,-1.634621639497063,-3.8994420004889485,1.3286845090578283,2.0,2.0,2.0,2.0,2.0,2.0
610.0,6.0,618.0,364.0,783.0,939.0,926.0,724.0,-4.507713963377135,3.94476531320456,-4.6037170791326325,-1.5720995302943122,-1.4113348919060837,3.8038008330957296,2.0,2.0,2.0,2.0,2.0,2.0
599.0,6.0,618.0,364.0,783.0,939.0,926.0,724.0,-2.3052784273609044,4.09124028930675,-3.972791385745516,-2.0299454864755475,-3.2391049176023894,1.2004395576544247,2.0,2.0,2.0,2.0,2.0,2.0
658.0,6.0,618.0,364.0,783.0,939.0,926.0,724.0,-3.089401489363524,3.1142749605817412,-1.0811674976848242,-2.6541890062728086,-1.1275061551351269,1.1537300158047752,2.0,2.0,2.0,2.0,2.0,2.0
670.0,6.0,618.0,364.0,783.0,939.0,926.0,724.0,-1.2357295766044913,2.744700889881714,-3.373101280939096,-2.525808936655411,-3.6025239470414547,2.386525294831242,2.0,2.0,2.0,2.0,2.0,2.0
669.0,6.0,618.0,364.0,783.0,939.0,926.0,724.0,-1.6891969613111533,4.065917305534697,-3.706691753549192,-4.998309838961503,-1.5456733642246552,2.362509719150753,2.0,2.0,2.0,2.0,2.0,2.0
560.0,6.0,618.0,364.0,783.0,939.0,926.0,724.0,-2.312054779513789,1.059317316203026,-4.2757254355253576,-2.624214403760577,-2.647967075305205,2.5191422057489725,2.0,2.0,2.0,2.0,2.0,2.0
656.0,6.0,618.0,364.0,783.0,939.0,926.0,724.0,-2.819681623498282,4.9971499073749674,-4.297794209648484,-1.8888509918890946,-1.433487836035631,2.40728603168884,2.0,2.0,2.0,2.0,2.0,2.0
607.0,6.0,618.0,364.0,783.0,939.0,926.0,724.0,-2.3619529657813816,1.7772964219004073,-4.9936678521219005,-3.337326470347193,-1.334184322850772,1.8270511357863932,2.0,2.0,2.0,2.0,2.0,2.0
540.0,6.0,618.0,364.0,783.0,939.0,926.0,724.0,-2.63811246215992,3.540398401337924,-4.243926550493553,-2.028838679720999,-2.769588309498851,2.818823853768996,2.0,2.0,2.0,2.0,2.0,2.0
206.0,2.0,542.0,135.0,-4.0669672969503035,4.814455341475428,2.0,2.0
550.0,2.0,542.0,543.0,-2.673497787363039,-2.1806396313857896,2.0,2.0
25.0,2.0,4.0,364.0,-4.213506988312168,4.413381302474842,2.0,2.0
413.0,2.0,364.0,724.0,-2.0609158389878868,1.0523162215748338,2.0,2.0
680.0,6.0,1148.0,584.0,939.0,926.0,257.0,1064.0,3.36593800503028,1.7635121873744097,-2.43158075465134,-2.25019146084912,-3.748989061375796,1.6257963479624582,2.0,2.0,2.0,2.0,2.0,2.0
580.0,7.0,1148.0,584.0,939.0,926.0,257.0,1064.0,573.0,-4.3038709132812105,4.228342468526764,-2.3097491039992537,-3.599258567067169,4.650830061720602,-4.496442748368521,-3.1198163026292196,2.0,2.0,2.0,2.0,2.0,2.0,2.0
1064.0,2.0,939.0,926.0,-4.64807106462596,-2.268204914697242,2.0,2.0
800.0,1.0,783.0,1.4799050731431609,2.0
785.0,1.0,783.0,-3.1958712786264662,2.0
1087.0,1.0,1064.0,3.0974296386833,2.0
1065.0,1.0,1064.0,4.6302217713371085,2.0
443.0,3.0,618.0,257.0,888.0,-2.722223670951482,-2.1673235914934104,-2.926723528516432,2.0,2.0,2.0
297.0,3.0,618.0,257.0,888.0,-2.472598812245498,-3.518208524669735,-2.396324231158268,2.0,2.0,2.0
445.0,3.0,618.0,257.0,888.0,-4.2267865775313105,-2.9182750198106744,-3.3210333742862566,2.0,2.0,2.0
464.0,3.0,618.0,257.0,888.0,-2.5503959494598916,-4.606432974851669,-4.053036234120617,2.0,2.0,2.0
456.0,3.0,618.0,257.0,888.0,-4.46522756341445,-4.397020564989877,-4.057278763005696,2.0,2.0,2.0
1136.0,2.0,1133.0,1141.0,1.1466238163523692,4.63118018861744,2.0,2.0
305.0,5.0,302.0,257.0,355.0,1133.0,1141.0,-4.79100870027259,-1.7506466524409707,3.0527566707562874,3.919066695967738,2.0030120106731344,2.0,2.0,2.0,2.0,2.0
424.0,3.0,364.0,939.0,926.0,-4.838992044951052,-4.985421157904694,-4.00121308402548,2.0,2.0,2.0
408.0,4.0,364.0,939.0,926.0,257.0,-4.713962677903277,-1.4131766267835788,-3.535734923472207,-4.672075638974251,2.0,2.0,2.0,2.0
1018.0,3.0,939.0,926.0,992.0,4.737957181830023,2.179524987014515,-3.6628032504635324,2.0,2.0,2.0
960.0,3.0,939.0,926.0,992.0,2.8808139795427805,1.259665755547886,-1.7854160559476449,2.0,2.0,2.0
977.0,3.0,939.0,926.0,992.0,1.7169954398451663,3.5163280308573515,-4.526354838757887,2.0,2.0,2.0
976.0,3.0,939.0,926.0,992.0,4.219731558375379,4.506515067765174,-2.22352594112361,2.0,2.0,2.0
990.0,3.0,939.0,926.0,992.0,1.0231132491740014,3.2060106551636824,-4.667201867555783,2.0,2.0,2.0
984.0,3.0,939.0,926.0,992.0,4.355752139556055,4.698418175212389,-3.2144664270417844,2.0,2.0,2.0
959.0,3.0,939.0,926.0,992.0,2.757434344230824,3.878767832921938,-1.8220684889012269,2.0,2.0,2.0
952.0,3.0,939.0,926.0,992.0,4.151779385090229,4.855277741785683,-4.326783632334704,2.0,2.0,2.0
979.0,3.0,939.0,926.0,992.0,2.622581318789469,3.1605355651765707,-2.4676274639125575,2.0,2.0,2.0
965.0,3.0,939.0,926.0,992.0,1.7783091549671788,1.8687716483051635,-1.2399911390225267,2.0,2.0,2.0
974.0,3.0,939.0,926.0,992.0,4.081561832928099,3.956333466713981,-2.697184258246517,2.0,2.0,2.0
142.0,1.0,80.0,4.185823107761928,2.0
725.0,1.0,719.0,2.7861055989421923,2.0
586.0,1.0,783.0,-1.7532036376723776,2.0
404.0,1.0,364.0,1.3556530696208324,2.0
1114.0,1.0,1113.0,-4.430971796054264,2.0
859.0,1.0,783.0,2.8471376355614533,2.0
721.0,1.0,719.0,-2.316498294227422,2.0
701.0,6.0,618.0,364.0,783.0,939.0,926.0,724.0,3.1739031044759507,-3.2726543920743794,3.6348136910119186,4.882301283790408,1.3184153378182337,-3.1771067304026137,2.0,2.0,2.0,2.0,2.0,2.0
414.0,1.0,355.0,2.893814695924786,2.0
441.0,1.0,355.0,3.657535723557489,2.0
406.0,1.0,355.0,1.9232787032622785,2.0
467.0,1.0,355.0,4.2819652517375655,2.0
151.0,1.0,104.0,2.592917919092654,2.0
763.0,1.0,719.0,-4.411687354525688,2.0
645.0,2.0,611.0,633.0,-4.077895090387439,-2.8768907284591996,2.0,2.0
799.0,2.0,783.0,1177.0,-3.1609816319166217,-3.5969090341138052,2.0,2.0
396.0,1.0,364.0,4.99684660050365,2.0
415.0,1.0,364.0,1.2207908985506983,2.0
149.0,1.0,80.0,-2.835264717106363,2.0
843.0,3.0,783.0,939.0,926.0,4.690824970758825,4.015239173389193,2.4671428738718966,2.0,2.0,2.0
813.0,1.0,783.0,3.8348291798836467,2.0
56.0,2.0,4.0,364.0,-3.3405803254370334,3.122665009403148,2.0,2.0
233.0,1.0,226.0,1.6053143197603497,2.0
33.0,1.0,26.0,2.5290144628255775,2.0
32.0,1.0,26.0,2.6331518757741446,2.0
31.0,1.0,26.0,2.8689956578527913,2.0
40.0,1.0,26.0,1.5689383712050238,2.0
105.0,2.0,83.0,104.0,4.664787042699963,1.0490054399015358,2.0,2.0
569.0,2.0,1148.0,542.0,3.6837630603992615,-4.034935489385593,2.0,2.0
1170.0,1.0,1148.0,1.116587017238409,2.0
737.0,1.0,719.0,3.144637612005516,2.0
114.0,2.0,83.0,104.0,1.70479430310146,3.8583637740414445,2.0,2.0
133.0,2.0,83.0,104.0,1.9132524294613473,2.7745294726118512,2.0,2.0
712.0,4.0,618.0,783.0,939.0,926.0,4.975587094564788,-3.0900518784918356,4.489696776490547,3.7672388790634432,2.0,2.0,2.0,2.0
677.0,4.0,618.0,783.0,939.0,926.0,1.2761206267832086,-2.500672511195105,1.8386555432865301,3.532291871898637,2.0,2.0,2.0,2.0
474.0,1.0,364.0,1.1498738157196655,2.0
427.0,1.0,364.0,2.4687730907070113,2.0
371.0,1.0,364.0,1.1128503067307944,2.0
433.0,1.0,364.0,4.324295488942978,2.0
316.0,1.0,302.0,-1.5240441482777625,2.0
356.0,1.0,302.0,-1.167812132807852,2.0
313.0,1.0,302.0,-2.6617887094655712,2.0
193.0,1.0,188.0,-2.121551162066889,2.0
1151.0,1.0,1148.0,-2.028183622002144,2.0
940.0,3.0,939.0,926.0,949.0,4.046371465179329,4.453037747240603,1.2246277338217766,2.0,2.0,2.0
935.0,3.0,939.0,926.0,949.0,2.2373681102490752,1.214960247754607,1.476921558848923,2.0,2.0,2.0
944.0,3.0,939.0,926.0,949.0,2.4717517055575975,3.542587432982261,3.0047673572409686,2.0,2.0,2.0
930.0,3.0,939.0,926.0,949.0,2.506893487538863,2.7982470912744914,4.391207529301548,2.0,2.0,2.0
948.0,3.0,939.0,926.0,949.0,1.32644955925775,3.822354053655741,2.688574933815801,2.0,2.0,2.0
958.0,3.0,939.0,926.0,949.0,1.09952403814599,3.7561443371493906,4.526429544816504,2.0,2.0,2.0
873.0,3.0,783.0,939.0,926.0,2.829783996017783,4.832258941104914,3.0192221133024826,2.0,2.0,2.0
862.0,3.0,783.0,939.0,926.0,2.7763134316367255,2.6600995301749717,4.235728907395896,2.0,2.0,2.0
855.0,3.0,783.0,939.0,926.0,2.015780941961058,1.4811568947710816,4.7038558165947215,2.0,2.0,2.0
856.0,3.0,783.0,939.0,926.0,3.1453501463538465,4.542320773350575,2.379944815851481,2.0,2.0,2.0
243.0,4.0,618.0,756.0,364.0,104.0,-2.601308503493597,-2.774005737021182,-3.503463744236456,3.821703337285868,2.0,2.0,2.0,2.0
746.0,2.0,756.0,719.0,-1.6294709856638399,-4.830631717893864,2.0,2.0
751.0,2.0,756.0,719.0,-3.3630861541372528,-4.891049120450623,2.0,2.0
111.0,3.0,79.0,83.0,188.0,2.939839722441231,-2.3563923265882973,-2.640428936760669,2.0,2.0,2.0
189.0,1.0,188.0,-3.0771803277230663,2.0
215.0,1.0,188.0,-1.4685561138972512,2.0
174.0,2.0,80.0,188.0,3.621243207724488,-1.2341048938437242,2.0,2.0
212.0,1.0,188.0,-2.4521477317785227,2.0
191.0,1.0,188.0,-4.30354284853906,2.0
179.0,2.0,80.0,188.0,2.0829323769509767,-4.239381013126952,2.0,2.0
216.0,1.0,188.0,-2.795508181666065,2.0
204.0,1.0,188.0,-2.5624668751074258,2.0
208.0,2.0,783.0,188.0,-1.7307018025311462,-2.0086708513233393,2.0,2.0
211.0,2.0,783.0,188.0,-3.4807983763602754,-1.7143678555506114,2.0,2.0
164.0,1.0,83.0,4.591129351201101,2.0
168.0,1.0,164.0,-4.965400517285722,2.0
660.0,2.0,618.0,783.0,-2.629589083693807,-2.026025745531925,2.0,2.0
623.0,1.0,618.0,-1.6759683954058668,2.0
621.0,1.0,618.0,-1.1785679837010226,2.0
723.0,1.0,719.0,-1.7000388867262481,2.0
195.0,1.0,188.0,-1.6953729288120356,2.0
196.0,2.0,364.0,188.0,-4.108147935637719,-1.7762514781400398,2.0,2.0
405.0,1.0,364.0,3.2363852555438593,2.0
59.0,2.0,4.0,364.0,-2.300626130207848,2.9259784248448124,2.0,2.0
1133.0,3.0,79.0,302.0,1141.0,4.420939717810425,-3.570264873943179,3.480974751894596,2.0,2.0,2.0
1156.0,1.0,1148.0,2.6123652839077223,2.0
235.0,2.0,242.0,226.0,4.732167711489769,-3.8532082285760962,2.0,2.0
347.0,1.0,302.0,3.4452446242593866,2.0
118.0,2.0,83.0,104.0,4.534086478634499,4.553332437881126,2.0,2.0
126.0,2.0,83.0,104.0,3.381230461343522,2.7482495848831383,2.0,2.0
1199.0,1.0,1177.0,-2.234075492304883,2.0
1183.0,1.0,1177.0,-4.007013881027384,2.0
1196.0,1.0,1177.0,-2.8349876863039327,2.0
1194.0,1.0,1177.0,-3.237036535037494,2.0
1191.0,1.0,1177.0,-3.3379986809739566,2.0
1192.0,1.0,1177.0,-4.80260191594669,2.0
1035.0,1.0,1030.0,4.772885194831943,2.0
1053.0,1.0,1030.0,4.407649345768153,2.0
1045.0,1.0,1030.0,2.525868215458175,2.0
1030.0,1.0,1031.0,1.4486321907387136,2.0
675.0,2.0,618.0,1030.0,-4.951070674112225,3.961260011556022,2.0,2.0
173.0,1.0,104.0,3.569256425664367,2.0
146.0,1.0,104.0,4.167683254659064,2.0
791.0,1.0,783.0,-2.564140927234707,2.0
22.0,2.0,4.0,364.0,-1.6743968965063614,2.542841301861799,2.0,2.0
369.0,4.0,504.0,364.0,783.0,302.0,2.1431712854455727,-4.512390425343597,3.815866877476657,-1.5026912199369766,2.0,2.0,2.0,2.0
649.0,2.0,618.0,783.0,-3.230944397698551,4.548406971909676,2.0,2.0
648.0,2.0,618.0,783.0,-2.1261837539111506,4.350093563711709,2.0,2.0
653.0,2.0,618.0,783.0,-1.3616782601449349,2.3795226031890677,2.0,2.0
838.0,1.0,783.0,-2.290866305811795,2.0
627.0,2.0,618.0,783.0,-1.0624639792278532,2.2181433697234065,2.0,2.0
858.0,1.0,783.0,-2.8149050836485308,2.0
837.0,2.0,783.0,1177.0,-4.136670148580417,-2.8379633853686825,2.0,2.0
628.0,2.0,618.0,783.0,-2.9222178719374865,3.1732493377367517,2.0,2.0
668.0,2.0,618.0,783.0,-1.3217482599123698,2.754854136564017,2.0,2.0
667.0,2.0,618.0,783.0,-3.326667986031474,4.283626587652117,2.0,2.0
1152.0,1.0,1148.0,-2.2252002884846878,2.0
539.0,5.0,1148.0,542.0,226.0,939.0,926.0,1.8397555228691487,-1.5811680596072755,-1.9644153587475293,4.471034036162684,3.8321250254914614,2.0,2.0,2.0,2.0,2.0
224.0,2.0,618.0,51.0,-2.163223701727321,1.7572590160040455,2.0,2.0
1139.0,2.0,1133.0,1141.0,1.6182015250709294,2.3736561249616495,2.0,2.0
757.0,2.0,618.0,783.0,-4.539907136134778,1.8486892240576127,2.0,2.0
807.0,1.0,783.0,-1.3461398379508203,2.0
622.0,2.0,618.0,783.0,-4.4862714817493305,3.9821050140890586,2.0,2.0
185.0,2.0,4.0,364.0,-3.5651281254092106,1.681949324965418,2.0,2.0
806.0,1.0,783.0,-4.519384598036643,2.0
630.0,2.0,618.0,783.0,-1.3434567636834065,3.338283228719673,2.0,2.0
631.0,2.0,618.0,783.0,-2.4961500608967064,3.4433395428576707,2.0,2.0
258.0,2.0,364.0,257.0,4.368669169490641,-1.7523617489175818,2.0,2.0
318.0,3.0,364.0,302.0,257.0,2.609947635557308,-3.1202177504290414,-3.6840969319301244,2.0,2.0,2.0
375.0,3.0,364.0,302.0,257.0,3.4561909997017572,-4.760927173170858,-4.0139683257335115,2.0,2.0,2.0
309.0,3.0,364.0,302.0,257.0,2.3383593193086014,-2.6362279295253095,-1.1211881643999364,2.0,2.0,2.0
278.0,2.0,364.0,257.0,3.638616187236992,-4.143658108430656,2.0,2.0
477.0,3.0,364.0,302.0,257.0,3.458696519628741,-3.8181744861345117,-4.987729606020903,2.0,2.0,2.0
324.0,3.0,364.0,302.0,257.0,3.2024125917437316,-4.732817332870081,-1.844269628851658,2.0,2.0,2.0
294.0,3.0,364.0,302.0,257.0,2.4590721927689287,-4.010382289663396,-3.0245562635943335,2.0,2.0,2.0
280.0,2.0,364.0,257.0,4.362612093853498,-1.988352652361665,2.0,2.0
307.0,3.0,364.0,302.0,257.0,2.6664396855382124,-4.065726323663201,-3.010242500569795,2.0,2.0,2.0
326.0,3.0,364.0,302.0,257.0,4.283610593009989,-2.8087850326663797,-1.6374145534427957,2.0,2.0,2.0
353.0,3.0,364.0,302.0,257.0,4.381541898147076,-2.6656654334648198,-3.94212825461113,2.0,2.0,2.0
269.0,2.0,364.0,257.0,4.330504604111606,-1.4023184138778304,2.0,2.0
344.0,3.0,364.0,302.0,257.0,3.423340163564899,-1.6317444938847974,-1.8775180700097107,2.0,2.0,2.0
341.0,3.0,364.0,302.0,257.0,3.9704668199160413,-1.5600857720901211,-1.9516784541848082,2.0,2.0,2.0
340.0,2.0,364.0,257.0,3.4126131318663635,-4.428612016672016,2.0,2.0
292.0,3.0,364.0,302.0,257.0,2.9260938050459737,-1.2881595327441109,-3.92317314486684,2.0,2.0,2.0
311.0,3.0,364.0,302.0,257.0,1.4108247410433918,-4.191569757074248,-2.0819599643980125,2.0,2.0,2.0
334.0,3.0,364.0,302.0,257.0,4.304434811517231,-3.8424590825435816,-2.361736857105469,2.0,2.0,2.0
274.0,2.0,364.0,257.0,4.138612613414235,-2.0853819613713522,2.0,2.0
286.0,3.0,364.0,302.0,257.0,2.220825861091446,-1.7564106857306752,-2.5461125710021877,2.0,2.0,2.0
357.0,3.0,364.0,302.0,257.0,1.1864371153923154,-4.792848322013155,-2.565115809417812,2.0,2.0,2.0
1168.0,1.0,1148.0,-2.9506511227766885,2.0
1153.0,1.0,1148.0,-1.902030096947664,2.0
1154.0,1.0,1148.0,-3.970311040239122,2.0
573.0,1.0,80.0,4.097634042232507,2.0
140.0,1.0,80.0,3.065148669722006,2.0
964.0,3.0,939.0,926.0,956.0,4.204642640726302,3.5411517405474715,1.1363711230414153,2.0,2.0,2.0
941.0,3.0,939.0,926.0,956.0,4.09534742732619,1.763796132710925,4.5616877864217145,2.0,2.0,2.0
66.0,4.0,618.0,26.0,80.0,64.0,2.9594722187353684,3.9030739183633947,2.0661557634760843,-2.9659655120654147,2.0,2.0,2.0,2.0
75.0,4.0,618.0,26.0,80.0,64.0,3.208151866717904,3.2049689489857545,2.946160750474499,-2.8939191350921765,2.0,2.0,2.0,2.0
62.0,4.0,618.0,26.0,80.0,64.0,1.3684855412375243,2.590860888501171,3.8252146612872897,-3.89356528052261,2.0,2.0,2.0,2.0
65.0,4.0,618.0,26.0,80.0,64.0,4.566520675759283,4.309463956302524,1.6684981080545795,-1.6618470127220961,2.0,2.0,2.0,2.0
72.0,4.0,618.0,26.0,80.0,64.0,1.9813835094765557,2.4111603640538712,2.328956069184546,-4.628531977549827,2.0,2.0,2.0,2.0
68.0,4.0,618.0,26.0,80.0,64.0,1.4105565479331323,2.995024695212902,4.202677459262047,-1.2968007285633614,2.0,2.0,2.0,2.0
67.0,4.0,618.0,26.0,80.0,64.0,2.35871689734814,2.059743324095621,2.290561177287501,-4.178201699395615,2.0,2.0,2.0,2.0
793.0,1.0,783.0,4.8226256885647265,2.0
832.0,1.0,783.0,3.897147382104807,2.0
802.0,1.0,783.0,1.675983933504237,2.0
265.0,1.0,257.0,-4.411871439431351,2.0
689.0,2.0,618.0,783.0,-2.0400104285713603,-4.876575009096551,2.0,2.0
696.0,2.0,618.0,783.0,-3.022335315271996,-1.8383454524404783,2.0,2.0
683.0,2.0,618.0,783.0,-3.30645661739542,-2.435249450013278,2.0,2.0
692.0,2.0,618.0,783.0,-2.003197409821434,-2.6125222650124784,2.0,2.0
663.0,2.0,611.0,633.0,-2.213673677662809,-2.6499659187647393,2.0,2.0
187.0,2.0,257.0,135.0,-2.9627252360450194,-3.2623739846154525,2.0,2.0
287.0,1.0,257.0,3.050362403092789,2.0
411.0,1.0,364.0,4.299111473470184,2.0
379.0,1.0,364.0,2.815432169548077,2.0
986.0,3.0,939.0,926.0,995.0,4.742458064253018,2.0603565578193965,-2.9404695664093308,2.0,2.0,2.0
993.0,3.0,939.0,926.0,995.0,4.422537369886037,2.5266140153168966,-3.4516846504494776,2.0,2.0,2.0
972.0,3.0,939.0,926.0,995.0,2.5551464784135574,1.0851824436891673,-4.601601063733758,2.0,2.0,2.0
74.0,3.0,71.0,51.0,83.0,3.704192247014294,2.944612114924861,-3.3091600810827106,2.0,2.0,2.0
148.0,1.0,80.0,-3.1812646290690463,2.0
1176.0,2.0,1148.0,1177.0,-1.6262194982173934,-3.946749140986673,2.0,2.0
338.0,1.0,302.0,4.157897965834046,2.0
139.0,7.0,618.0,783.0,939.0,926.0,83.0,107.0,104.0,-1.7296919767027057,-1.4642442545993681,-2.2535470998840172,-2.8889710386123624,3.918796721550756,1.304013924396223,2.9280739146569545,2.0,2.0,2.0,2.0,2.0,2.0,2.0
1014.0,4.0,302.0,939.0,926.0,1177.0,-3.9912270011123727,-3.660427961558801,-4.624664167239034,-3.410322504748964,2.0,2.0,2.0,2.0
104.0,1.0,134.0,2.362990921297964,2.0
207.0,1.0,188.0,-4.98487172653494,2.0
192.0,1.0,188.0,-1.897481738948069,2.0
1102.0,2.0,1097.0,1148.0,1.4423253803711384,2.663021062684055,2.0,2.0
606.0,6.0,364.0,939.0,926.0,1064.0,1133.0,1141.0,2.8381528352987555,1.2032913451950664,4.578790109605102,-2.4387093546635374,3.4950695534962195,4.310652719670037,2.0,2.0,2.0,2.0,2.0,2.0
514.0,3.0,494.0,513.0,302.0,1.4936315649497742,-4.162508341087468,2.7858213869041077,2.0,2.0,2.0
501.0,3.0,494.0,513.0,302.0,2.2995296375294663,-2.9954919798178508,4.076690891037643,2.0,2.0,2.0
488.0,3.0,494.0,513.0,302.0,3.5115813085180063,-2.274011380285767,4.721764039827221,2.0,2.0,2.0
545.0,3.0,494.0,513.0,302.0,2.3839108799089006,-1.2707192944669599,4.414523221214993,2.0,2.0,2.0
513.0,2.0,494.0,302.0,2.740080043759906,-2.395647495925584,2.0,2.0
629.0,1.0,618.0,-1.2821991638098615,2.0
947.0,5.0,1002.0,1012.0,783.0,939.0,926.0,1.6345081769185756,-1.136308365918139,2.8803885049522537,-4.001994827310698,-2.969805874383097,2.0,2.0,2.0,2.0,2.0
920.0,5.0,1002.0,1012.0,783.0,939.0,926.0,4.097087917616234,-3.88579381823491,1.788353355051501,-3.402417321733182,-3.1153257657831435,2.0,2.0,2.0,2.0,2.0
921.0,5.0,1002.0,1012.0,783.0,939.0,926.0,4.750670417789909,-1.2888577699470907,4.799886177302829,-1.0143830392772282,-1.2229290921392857,2.0,2.0,2.0,2.0,2.0
905.0,5.0,1002.0,1012.0,783.0,939.0,926.0,1.725588403877392,-3.2006096162682347,4.168436610703722,-2.4097250977226525,-1.7670094162535426,2.0,2.0,2.0,2.0,2.0
900.0,5.0,1002.0,1012.0,783.0,939.0,926.0,2.2253471968386918,-3.9962864921773296,3.6116288347426075,-2.6360925537766615,-2.123562498069377,2.0,2.0,2.0,2.0,2.0
303.0,2.0,302.0,257.0,-4.788172864412051,1.260915723089484,2.0,2.0
904.0,4.0,618.0,783.0,939.0,926.0,-1.040793131772658,-3.7282235830038273,-4.5149985053922945,-1.540692782988641,2.0,2.0,2.0,2.0
867.0,4.0,618.0,783.0,939.0,926.0,-1.6927019027999992,-3.223713115900479,-4.665569302466283,-2.3051913648618374,2.0,2.0,2.0,2.0
922.0,4.0,618.0,783.0,939.0,926.0,-3.8649598298118826,-1.3841614651313114,-3.8751504761817066,-1.5556841312608891,2.0,2.0,2.0,2.0
869.0,4.0,618.0,783.0,939.0,926.0,-4.213793655669619,-1.0905805865401925,-1.9605832248537909,-4.854195344470931,2.0,2.0,2.0,2.0
1029.0,5.0,939.0,926.0,1020.0,1177.0,1077.0,1.6581840612702137,4.041483444704058,1.710815401742575,-2.4957188240380015,3.2471620640062246,2.0,2.0,2.0,2.0,2.0
1010.0,5.0,939.0,926.0,1020.0,1177.0,1077.0,4.559118243186417,1.6388266453208296,1.9145584816705266,-1.3193580898735195,1.634732111839008,2.0,2.0,2.0,2.0,2.0
1019.0,5.0,939.0,926.0,1020.0,1177.0,1077.0,1.1049968241939596,2.4366805652490795,1.6122899159554112,-2.8295017889934337,2.632940965945165,2.0,2.0,2.0,2.0,2.0
1058.0,5.0,939.0,926.0,1020.0,1177.0,1077.0,3.6371087531167063,4.166524751252872,4.331799558168279,-1.5717400663291161,3.8045689158535323,2.0,2.0,2.0,2.0,2.0
1011.0,5.0,939.0,926.0,1020.0,1177.0,1077.0,4.233869584329841,1.3153708364995795,1.8681262184992424,-2.8555962166210844,4.654291502934333,2.0,2.0,2.0,2.0,2.0
1016.0,5.0,939.0,926.0,1020.0,1177.0,1077.0,3.0954760283351357,1.4522769616195315,3.636741717558399,-2.4263906282093832,2.4767292996175394,2.0,2.0,2.0,2.0,2.0
1188.0,1.0,1177.0,-4.284325754404625,2.0
814.0,1.0,783.0,3.9557801615848116,2.0
784.0,1.0,783.0,4.198317571922919,2.0
1003.0,2.0,1002.0,1012.0,1.7512178340142608,1.306805988029161,2.0,2.0
1021.0,2.0,1002.0,1012.0,4.078429468186692,2.3982433782750245,2.0,2.0
1009.0,2.0,1002.0,1012.0,1.4993294080127986,3.5335095053635572,2.0,2.0
1008.0,2.0,1002.0,1012.0,4.150282092815502,1.2946084353578726,2.0,2.0
1004.0,4.0,783.0,939.0,926.0,1005.0,1.3115342007784707,1.9413008993573828,1.0698304981073914,2.505179385432795,2.0,2.0,2.0,2.0
1000.0,5.0,783.0,939.0,926.0,1004.0,1005.0,2.0654638316455722,3.45974804189478,3.9198459479028385,1.7819987770248118,3.5808125192547324,2.0,2.0,2.0,2.0,2.0
999.0,5.0,783.0,939.0,926.0,1004.0,1005.0,2.5599000734602617,4.19619377736567,4.786597317006395,3.1154197448055942,3.577192882987516,2.0,2.0,2.0,2.0,2.0
996.0,5.0,783.0,939.0,926.0,1004.0,1005.0,4.210211801445614,1.7120648060782848,2.6437500904137234,3.9499338997110813,1.4484603946606671,2.0,2.0,2.0,2.0,2.0
1001.0,5.0,783.0,939.0,926.0,1004.0,1005.0,4.665343303530449,1.9817088680786483,3.0206066776922516,1.6299879821714423,2.444378421794916,2.0,2.0,2.0,2.0,2.0
997.0,5.0,783.0,939.0,926.0,1004.0,1005.0,4.2897797041459995,2.5389952766785355,4.9348145748164995,3.0275201393733955,4.35602497272081,2.0,2.0,2.0,2.0,2.0
994.0,5.0,783.0,939.0,926.0,1004.0,1005.0,3.9152052480906847,4.022001718236009,2.288102172203867,2.793607955259134,1.606096779537205,2.0,2.0,2.0,2.0,2.0
264.0,1.0,257.0,3.6403426092996427,2.0
1184.0,1.0,1177.0,-2.1276955242231557,2.0
1186.0,1.0,1177.0,-1.6913802861056144,2.0
1187.0,1.0,1177.0,-4.201584204459927,2.0
384.0,1.0,364.0,1.5350131723294926,2.0
409.0,1.0,364.0,2.0966656320411565,2.0
374.0,3.0,364.0,302.0,257.0,2.175126302204959,-1.0195308460761665,-3.9099079750536143,2.0,2.0,2.0
385.0,1.0,364.0,4.741954526850528,2.0
180.0,1.0,121.0,3.578894067742081,2.0
172.0,1.0,121.0,3.756989049027906,2.0
171.0,1.0,121.0,4.949932810405025,2.0
117.0,4.0,83.0,80.0,107.0,104.0,2.4030923235511534,4.49672056850379,2.664511666754673,4.676381060918798,2.0,2.0,2.0,2.0
598.0,2.0,1148.0,586.0,2.892266594228396,-2.0442585093500067,2.0,2.0
400.0,1.0,364.0,-4.151219308815248,2.0
162.0,2.0,724.0,121.0,-1.337937358877436,3.2592213291491885,2.0,2.0
170.0,2.0,724.0,121.0,-3.7530374332738052,4.191375522836196,2.0,2.0
175.0,2.0,724.0,121.0,-2.705778188022391,1.5370646477673295,2.0,2.0
1067.0,1.0,1064.0,3.192211119682315,2.0
459.0,1.0,364.0,3.134659106420304,2.0
666.0,2.0,618.0,783.0,-1.4513378419199028,-3.4554588193909166,2.0,2.0
236.0,2.0,618.0,205.0,2.3168115023681475,-2.1708637242505886,2.0,2.0
220.0,2.0,618.0,205.0,2.307206121489177,-4.932984113017596,2.0,2.0
205.0,1.0,80.0,-4.160149595235525,2.0
480.0,1.0,364.0,3.2113558267429054,2.0
484.0,1.0,364.0,2.315538419972155,2.0
820.0,1.0,783.0,-3.649332251059566,2.0
1081.0,1.0,1069.0,-4.540786609841428,2.0
1072.0,1.0,1069.0,-4.830745237062461,2.0
1074.0,1.0,1069.0,-3.9706773350909916,2.0
1071.0,1.0,1069.0,-3.237543388649853,2.0
1070.0,1.0,1069.0,-3.231218000504881,2.0
1075.0,1.0,1069.0,-1.5625811546263542,2.0
60.0,2.0,4.0,364.0,-2.9573839418001424,1.6394497226858613,2.0,2.0
1078.0,1.0,1077.0,3.656089416462159,2.0
1198.0,1.0,1177.0,-3.162985758012681,2.0
1172.0,1.0,1148.0,-1.9218339827493698,2.0
578.0,2.0,542.0,543.0,-2.4426812368995656,-1.4407887633348033,2.0,2.0
438.0,1.0,364.0,1.4520832787770872,2.0
1052.0,1.0,1046.0,-1.1870528331279608,2.0
1047.0,1.0,1046.0,-2.18266193548518,2.0
635.0,5.0,611.0,633.0,939.0,926.0,1046.0,-4.281547250392435,-2.54478643528135,-1.8300599423022161,-1.2043425426840444,-4.848608426487834,2.0,2.0,2.0,2.0,2.0
376.0,1.0,364.0,3.721809215028928,2.0
447.0,1.0,364.0,4.301897967764077,2.0
422.0,1.0,364.0,4.386138145474893,2.0
705.0,5.0,618.0,783.0,939.0,926.0,724.0,-1.9157029982868439,-2.5766651830655523,-1.614523104246758,-2.8130585202415825,-4.153635395589843,2.0,2.0,2.0,2.0,2.0
704.0,5.0,618.0,783.0,939.0,926.0,724.0,-1.0749647610164268,-3.2211293684376114,-3.8140198602483624,-2.8219980852010376,-2.597182597013627,2.0,2.0,2.0,2.0,2.0
194.0,1.0,188.0,-4.524743464969399,2.0
547.0,1.0,542.0,-3.0654709862367753,2.0
1060.0,2.0,1076.0,1054.0,-4.209350534118262,-3.674733945071135,2.0,2.0
1056.0,2.0,1076.0,1054.0,-1.4364496810109122,-2.33174168912931,2.0,2.0
1061.0,2.0,1076.0,1054.0,-2.2248610809890836,-3.270641413883585,2.0,2.0
983.0,3.0,939.0,926.0,1007.0,-1.2526316498584324,-3.760507535187404,-1.3756544718794594,2.0,2.0,2.0
991.0,3.0,939.0,926.0,1007.0,-4.616243857877588,-1.8984956873525456,-4.420979096617026,2.0,2.0,2.0
968.0,3.0,939.0,926.0,1007.0,-4.515785928002108,-4.114495499194215,-1.4507225466404008,2.0,2.0,2.0
989.0,3.0,939.0,926.0,1007.0,-1.6723577128551033,-3.247607936614061,-2.926557748212185,2.0,2.0,2.0
998.0,3.0,939.0,926.0,1007.0,-4.418335638209401,-3.114827316526686,-1.8903309704066924,2.0,2.0,2.0
987.0,3.0,939.0,926.0,1007.0,-2.3507741459745373,-4.282209967405883,-1.303157922585684,2.0,2.0,2.0
970.0,3.0,939.0,926.0,1007.0,-4.603155086842442,-4.814718535857729,-4.619032971102374,2.0,2.0,2.0
1169.0,1.0,1148.0,-1.519464339803891,2.0
165.0,2.0,1077.0,104.0,1.0151693894989338,2.569272532840289,2.0,2.0
792.0,1.0,783.0,2.6760953633836575,2.0
824.0,1.0,783.0,1.4433310926275165,2.0
597.0,3.0,566.0,939.0,926.0,-3.4330299918151232,2.55284613474889,1.5863100528380736,2.0,2.0,2.0
938.0,2.0,939.0,926.0,-1.93146631129316,-2.0743425019906603,2.0,2.0
625.0,1.0,618.0,-3.436353608726331,2.0
809.0,2.0,1033.0,783.0,-1.7229088627742097,1.069613955847562,2.0,2.0
1039.0,1.0,1033.0,-4.377650530090999,2.0
846.0,2.0,1033.0,783.0,-4.399872214448645,2.510533839362673,2.0,2.0
1044.0,2.0,1033.0,1054.0,-2.0995091990203316,-2.7274604686262425,2.0,2.0
1037.0,2.0,1033.0,1054.0,-4.242835413784755,-2.1050764142110086,2.0,2.0
1054.0,1.0,1033.0,-3.799215328002841,2.0
451.0,1.0,364.0,3.061036149690001,2.0
391.0,1.0,364.0,1.19116024140102,2.0
387.0,1.0,364.0,3.3056023962497094,2.0
429.0,1.0,364.0,4.946334517132213,2.0
1138.0,2.0,1133.0,1141.0,2.25759464035233,3.514792649336598,2.0,2.0
1142.0,2.0,1133.0,1141.0,1.9662190893335514,3.3616810454287913,2.0,2.0
1143.0,2.0,1141.0,1133.0,2.738700052251039,1.016849520970697,2.0,2.0
1137.0,2.0,1141.0,1133.0,4.516628921976103,3.883034884776664,2.0,2.0
1134.0,2.0,1133.0,1141.0,3.752822539311103,4.402980333982157,2.0,2.0
1181.0,1.0,1177.0,-1.278716842136176,2.0
1180.0,1.0,1177.0,-3.3460728524141343,2.0
823.0,1.0,783.0,4.7152595786809774,2.0
808.0,1.0,783.0,3.292375191439934,2.0
836.0,1.0,783.0,1.1043858060267873,2.0
558.0,2.0,1105.0,524.0,-3.102282506427883,2.723852204156335,2.0,2.0
530.0,2.0,1105.0,524.0,-3.228415927123131,4.149101297719051,2.0,2.0
482.0,2.0,364.0,524.0,-2.737458875963167,4.172031301368714,2.0,2.0
453.0,2.0,364.0,524.0,-2.511371586950049,4.107205054775257,2.0,2.0
508.0,2.0,364.0,524.0,-3.418178094270555,3.622466270127049,2.0,2.0
524.0,2.0,618.0,364.0,4.074888607914522,-2.684894437906558,2.0,2.0
720.0,1.0,719.0,-4.615782811770178,2.0
1050.0,2.0,1069.0,1046.0,-3.794891691211205,-4.599725875525127,2.0,2.0
147.0,1.0,83.0,1.044990917203279,2.0
128.0,1.0,51.0,1.9127547871209556,2.0
57.0,1.0,51.0,4.851573823783578,2.0
641.0,2.0,618.0,783.0,2.5205190555266004,3.36237566473167,2.0,2.0
446.0,2.0,783.0,302.0,2.5926216136365032,3.5624311928206267,2.0,2.0
153.0,1.0,107.0,2.6177872545514282,2.0
131.0,1.0,104.0,2.592791848762628,2.0
97.0,1.0,80.0,4.497187606958461,2.0
124.0,1.0,104.0,4.555987865003251,2.0
794.0,2.0,1097.0,783.0,1.956724981223572,-3.8512627272682223,2.0,2.0
1165.0,1.0,1148.0,4.817034704093168,2.0
591.0,2.0,574.0,618.0,4.447002595283514,3.6022008758978856,2.0,2.0
1163.0,1.0,1148.0,4.011492573493918,2.0
857.0,1.0,783.0,-4.806083929611845,2.0
426.0,1.0,302.0,-3.622528217632159,2.0
346.0,1.0,302.0,-2.072550841763369,2.0
440.0,1.0,302.0,-2.9898599433724593,2.0
1178.0,1.0,1177.0,-3.098722332531145,2.0
632.0,1.0,618.0,-1.3893344179699372,2.0
1155.0,1.0,1148.0,3.411171661531511,2.0
840.0,1.0,783.0,3.8051465701019866,2.0
108.0,1.0,82.0,3.710218811066998,2.0
137.0,1.0,82.0,4.81655838215041,2.0
0.0,1.0,1.0,-1.358588249998331,2.0
1179.0,1.0,1177.0,-1.247825961095748,2.0
768.0,3.0,783.0,724.0,875.0,4.352389904686165,-1.1930458397185433,-4.8141286896440985,2.0,2.0,2.0
748.0,3.0,783.0,724.0,875.0,1.9481482122041895,-3.1195916587663772,-1.1176237801893198,2.0,2.0,2.0
764.0,3.0,783.0,724.0,875.0,1.1813184440039501,-3.3645424759164055,-4.4158291929055835,2.0,2.0,2.0
818.0,3.0,783.0,724.0,875.0,2.7135874951412187,-3.3984831954646255,-1.158153880123387,2.0,2.0,2.0
742.0,3.0,783.0,724.0,875.0,1.240210657573472,-1.8322984564049363,-2.1780722974401674,2.0,2.0,2.0
761.0,3.0,783.0,724.0,875.0,4.37422540026961,-2.733698359359841,-3.485344167095315,2.0,2.0,2.0
1034.0,1.0,1020.0,2.5337127400579273,2.0
1146.0,1.0,1145.0,3.4028221544347925,2.0
43.0,1.0,26.0,4.040544980589884,2.0
52.0,1.0,26.0,3.4200162296994367,2.0
525.0,4.0,364.0,724.0,875.0,1177.0,-2.532524483584538,4.466767592898346,1.831979550124399,-2.349434001637902,2.0,2.0,2.0,2.0
1159.0,1.0,1148.0,4.8325082610364145,2.0
833.0,1.0,783.0,3.2796485356760443,2.0
90.0,1.0,82.0,1.3797646469141038,2.0
327.0,1.0,251.0,-1.041000703919249,2.0
529.0,4.0,783.0,939.0,926.0,257.0,-2.629187409177428,3.9335179284938797,2.6639939063209135,4.046701317067724,2.0,2.0,2.0,2.0
101.0,1.0,82.0,2.572818573081538,2.0
1190.0,1.0,1177.0,-2.704913578655368,2.0
526.0,4.0,618.0,364.0,783.0,586.0,4.2335184593095185,4.044488431919564,-4.030245828413669,-2.755756213404177,2.0,2.0,2.0,2.0
842.0,2.0,783.0,1177.0,-3.96201822489407,-4.8899191278678025,2.0,2.0
99.0,4.0,83.0,80.0,107.0,104.0,3.8098810024406604,2.792131969289951,2.9451153852192027,2.867672816960228,2.0,2.0,2.0,2.0
106.0,4.0,83.0,80.0,107.0,104.0,2.1707385096793486,3.1817084452073923,4.396399022999937,1.2234013390836638,2.0,2.0,2.0,2.0
98.0,4.0,83.0,80.0,107.0,104.0,1.3103036366110508,1.067015795595256,3.331279415992232,2.6765710874927002,2.0,2.0,2.0,2.0
221.0,4.0,364.0,939.0,926.0,26.0,-4.126995543866597,-4.889651389458502,-3.0074023351705907,4.6576833967429145,2.0,2.0,2.0,2.0
462.0,2.0,364.0,485.0,-1.5338219014276882,-1.9406515232894779,2.0,2.0
50.0,1.0,26.0,3.375545491906536,2.0
42.0,1.0,26.0,1.4319884520541248,2.0
35.0,1.0,26.0,1.9348801443257244,2.0
37.0,1.0,26.0,2.028628632069214,2.0
77.0,7.0,79.0,71.0,51.0,302.0,257.0,83.0,121.0,3.0610143869720705,-1.0883361300513643,-2.901872461462268,-4.153568241987966,-2.671456707157311,-2.751228051998788,2.2425303550436997,2.0,2.0,2.0,2.0,2.0,2.0,2.0
805.0,2.0,783.0,1077.0,1.0385144665721926,4.698913462926258,2.0,2.0
995.0,2.0,939.0,926.0,-4.42985021250318,-4.768632491991973,2.0,2.0
985.0,3.0,939.0,926.0,995.0,3.8475599464750823,4.982395973903366,-4.327152934782504,2.0,2.0,2.0
971.0,3.0,939.0,926.0,995.0,2.911737611117571,2.575382473864394,-3.0411069199418157,2.0,2.0,2.0
988.0,3.0,939.0,926.0,995.0,4.447295661135419,2.3024521219073995,-1.521493767912312,2.0,2.0,2.0
980.0,3.0,939.0,926.0,995.0,4.654588527720756,4.690417891710295,-2.77804144561119,2.0,2.0,2.0
951.0,3.0,939.0,926.0,995.0,4.4387455101158295,1.8105960906447756,-2.0393365359359645,2.0,2.0,2.0
1166.0,1.0,1148.0,1.9834216200465629,2.0
963.0,4.0,939.0,926.0,1133.0,1141.0,3.8553791143502507,2.828458319862182,4.98918870827894,1.5020856089112344,2.0,2.0,2.0,2.0
982.0,4.0,939.0,926.0,1133.0,1141.0,3.3671463450677037,1.8834227635600462,3.6330562793965635,4.10481275257416,2.0,2.0,2.0,2.0
973.0,4.0,939.0,926.0,1133.0,1141.0,4.167985437806493,1.6006426834650793,3.4300369253770335,4.305672892542906,2.0,2.0,2.0,2.0
978.0,4.0,939.0,926.0,1133.0,1141.0,1.0881145802869123,4.755187091898906,4.042425237135385,1.1947513938458205,2.0,2.0,2.0,2.0
495.0,3.0,364.0,939.0,926.0,-4.7074192363932825,-1.0896320939418733,-4.359073018851983,2.0,2.0,2.0
1149.0,1.0,1148.0,-4.7324855725251584,2.0
229.0,1.0,226.0,-4.925292692757941,2.0
1195.0,1.0,1177.0,-1.8856946334496483,2.0
448.0,1.0,302.0,-3.2201714526307215,2.0
380.0,2.0,302.0,359.0,-1.1108097465764657,3.6964768407277804,2.0,2.0
1043.0,1.0,1038.0,-4.7567092909851105,2.0
1059.0,1.0,1038.0,-3.968014541416418,2.0
157.0,1.0,82.0,2.330832420873616,2.0
765.0,2.0,783.0,724.0,1.9653050814985922,-1.800126457699153,2.0,2.0
733.0,2.0,783.0,724.0,2.0874128374985146,-4.983619214535066,2.0,2.0
753.0,2.0,783.0,724.0,3.3054128323919674,-4.228163076265193,2.0,2.0
771.0,2.0,783.0,724.0,3.9095100133467877,-1.9349369964501917,2.0,2.0
777.0,1.0,756.0,-3.123881421111262,2.0
552.0,4.0,364.0,724.0,875.0,1177.0,-4.738321926787358,2.869770035314848,1.9458365481750834,-2.0400222749324217,2.0,2.0,2.0,2.0
281.0,1.0,257.0,1.881493202663795,2.0
1182.0,1.0,1148.0,3.573835875079394,2.0
789.0,1.0,783.0,1.044161545007793,2.0
143.0,1.0,80.0,1.7018317745876619,2.0
798.0,1.0,783.0,-4.747541739894455,2.0
811.0,4.0,783.0,724.0,875.0,1177.0,-4.125728774381537,3.8252579436321197,4.3136923821772655,-4.63208248918123,2.0,2.0,2.0,2.0
183.0,2.0,104.0,1038.0,1.3882134867784703,-1.7661505025598698,2.0,2.0
1040.0,1.0,1038.0,-3.009910767041393,2.0
1042.0,1.0,1038.0,-3.379886460442719,2.0
1041.0,1.0,1038.0,-2.58752618358086,2.0
112.0,3.0,83.0,107.0,104.0,2.471252014234492,1.0689114542890077,2.9693946432464244,2.0,2.0,2.0
