15.0,1.0,9.0,2.0727799241647986,2.0
28.0,1.0,9.0,2.1831733604122636,2.0
61.0,1.0,9.0,2.031255400862884,2.0
54.0,1.0,9.0,1.4593538069997587,2.0
80.0,1.0,79.0,-1.8785272487885283,2.0
72.0,2.0,79.0,5.0,-1.6280351260740766,-2.1150908385353393,2.0,2.0
86.0,1.0,79.0,-1.9446804632319996,2.0
94.0,1.0,79.0,-1.225929452874491,2.0
46.0,1.0,18.0,1.8048100748695277,2.0
89.0,1.0,79.0,-2.4587058395956554,2.0
95.0,1.0,79.0,-2.3218401938928235,2.0
92.0,1.0,79.0,-2.23696133817683,2.0
63.0,2.0,79.0,18.0,1.4967720688972144,1.6681120114538517,2.0,2.0
47.0,2.0,79.0,18.0,1.3220925379486648,2.082809230449473,2.0,2.0
56.0,2.0,79.0,18.0,1.0672391874310294,1.551601856666571,2.0,2.0
64.0,2.0,79.0,18.0,1.6229034386413654,1.8561032142994145,2.0,2.0
39.0,2.0,79.0,18.0,2.150716800140649,2.273714286807854,2.0,2.0
45.0,2.0,9.0,62.0,-1.4668958396775864,-1.963703392639734,2.0,2.0
38.0,2.0,9.0,62.0,-1.7413418736079334,-1.7203456066072722,2.0,2.0
62.0,1.0,9.0,-1.7781548746667066,2.0
41.0,2.0,9.0,62.0,-2.472458540697714,-1.1887732907627058,2.0,2.0
27.0,1.0,5.0,1.960949606193327,2.0
85.0,2.0,79.0,1.0,-1.5824368960044666,2.4278987606344455,2.0,2.0
49.0,1.0,9.0,2.2134690478521977,2.0
19.0,1.0,18.0,1.6134823103441862,2.0
22.0,1.0,18.0,2.1394786120672893,2.0
74.0,1.0,18.0,2.4325835041750157,2.0
24.0,1.0,18.0,2.483575314373916,2.0
20.0,1.0,18.0,2.2579852943313075,2.0
33.0,1.0,18.0,1.4664137339205545,2.0
99.0,2.0,9.0,90.0,-1.3096323430626464,-1.2656909387918434,2.0,2.0
93.0,2.0,9.0,90.0,-1.378254784915588,-1.0734400577780818,2.0,2.0
21.0,2.0,9.0,90.0,-1.9522000529512336,-1.1361735781022562,2.0,2.0
81.0,2.0,9.0,90.0,-1.615986331276733,-1.7801065688729492,2.0,2.0
11.0,3.0,9.0,90.0,5.0,-1.127946316286978,-1.7607246044903426,1.2616981130714469,2.0,2.0,2.0
3.0,1.0,1.0,-1.8642092103309158,2.0
88.0,1.0,1.0,-1.031728130374847,2.0
83.0,2.0,79.0,18.0,-1.6729194759660833,1.37077309164239,2.0,2.0
76.0,2.0,79.0,18.0,-1.1426074315852162,1.942677647140495,2.0,2.0
69.0,1.0,9.0,-1.2028422350197905,2.0
71.0,1.0,9.0,-1.8016791066237374,2.0
14.0,1.0,9.0,-1.1655166072625065,2.0
40.0,1.0,9.0,-1.1610058865496924,2.0
66.0,1.0,9.0,-1.741978217138795,2.0
34.0,1.0,9.0,-1.509262039725254,2.0
51.0,1.0,9.0,-1.0813513677501727,2.0
23.0,1.0,9.0,2.194073901636793,2.0
84.0,2.0,9.0,97.0,-2.343289716251869,-1.00405427938938,2.0,2.0
55.0,2.0,9.0,97.0,-1.171209074163345,-2.080148786149474,2.0,2.0
97.0,1.0,9.0,-1.0285230036965634,2.0
44.0,1.0,5.0,1.9452191944066581,2.0
75.0,1.0,5.0,2.4454349629015035,2.0
2.0,2.0,77.0,1.0,-1.2330440483088507,-1.4447443871758616,2.0,2.0
77.0,1.0,1.0,-2.3845559122638083,2.0
87.0,1.0,5.0,1.6590921838652368,2.0
35.0,1.0,5.0,-1.6263031164605581,2.0
60.0,1.0,18.0,1.996663982857392,2.0
31.0,1.0,18.0,1.332010790917627,2.0
98.0,1.0,18.0,1.1935986004692545,2.0
50.0,1.0,18.0,2.2871051939828613,2.0
57.0,1.0,5.0,1.1258350299810214,2.0
73.0,1.0,5.0,2.4560309642885487,2.0
58.0,1.0,9.0,-2.1110615782189472,2.0
48.0,1.0,9.0,-2.29481753374759,2.0
16.0,1.0,9.0,-2.3898608960858936,2.0
96.0,1.0,9.0,-2.098668362649887,2.0
37.0,1.0,9.0,-2.4593312699108747,2.0
91.0,1.0,9.0,-1.7955640009481442,2.0
68.0,1.0,9.0,-1.230305880049572,2.0
52.0,1.0,9.0,-1.8765429782439165,2.0
12.0,1.0,9.0,-2.391469217218817,2.0
65.0,1.0,9.0,-1.2563799513271157,2.0
59.0,1.0,5.0,1.5569166777426666,2.0
0.0,4.0,9.0,18.0,5.0,1.0,1.2486421074932261,1.5457547374084641,2.1473686420293125,-1.0666636448992004,2.0,2.0,2.0,2.0
7.0,4.0,9.0,18.0,5.0,1.0,1.7157401915133468,1.82139006288448,2.304796854907251,-2.175389445003109,2.0,2.0,2.0,2.0
53.0,4.0,9.0,18.0,5.0,1.0,1.9022110605765743,1.6477652499482422,1.3100865374921913,-1.7472798932911273,2.0,2.0,2.0,2.0
36.0,4.0,9.0,18.0,5.0,1.0,2.4176255800724817,1.5564138736336037,1.569071153452926,-1.2913789838208627,2.0,2.0,2.0,2.0
8.0,4.0,9.0,18.0,5.0,1.0,1.8837437903914451,1.7731514390608285,1.1175512508394965,-1.1491444289240578,2.0,2.0,2.0,2.0
6.0,4.0,9.0,18.0,5.0,1.0,1.6785937610600326,1.5349740343334244,2.2336256461744357,-2.2759733314752637,2.0,2.0,2.0,2.0
4.0,4.0,9.0,18.0,5.0,1.0,2.1172736497762816,1.568801600587986,1.4139182665128398,-1.7730282996134106,2.0,2.0,2.0,2.0
67.0,1.0,5.0,-1.4377066828073186,2.0
43.0,1.0,9.0,-2.3565699458845244,2.0
78.0,2.0,9.0,82.0,1.9466126582714536,-2.2560090882197725,2.0,2.0
82.0,1.0,5.0,-2.4509062918993205,2.0
17.0,1.0,9.0,-1.473326661192321,2.0
70.0,1.0,9.0,2.1927406220843775,2.0
29.0,1.0,5.0,1.8233716609608408,2.0
10.0,1.0,9.0,-2.3574214127828244,2.0
25.0,1.0,18.0,1.345268986103343,2.0
32.0,1.0,18.0,2.17796666230363,2.0
42.0,1.0,18.0,1.1895533737697073,2.0
26.0,1.0,18.0,1.2770119270263955,2.0
30.0,1.0,18.0,1.5905131389163087,2.0
13.0,1.0,5.0,1.5112960878000312,2.0
