15.0,1.0,9.0,1.9214718821616068,2.0
28.0,1.0,9.0,2.386970724619063,2.0
61.0,1.0,9.0,3.105534654109878,2.0
54.0,1.0,9.0,3.9582435175282606,2.0
80.0,1.0,79.0,-4.039513660435199,2.0
72.0,2.0,79.0,5.0,-4.031206054525057,-2.9315033532730386,2.0,2.0
86.0,1.0,79.0,-1.2916673329598027,2.0
94.0,1.0,79.0,-3.6739931839634106,2.0
46.0,1.0,18.0,2.736135475965291,2.0
89.0,1.0,79.0,-2.1895159061997154,2.0
95.0,1.0,79.0,-1.9555854350697044,2.0
92.0,1.0,79.0,-1.1501746657372975,2.0
63.0,2.0,79.0,18.0,3.4638552581023636,3.9962256025406204,2.0,2.0
47.0,2.0,79.0,18.0,3.260140381710537,3.547275520747972,2.0,2.0
56.0,2.0,79.0,18.0,2.056410426925386,2.273345049564838,2.0,2.0
64.0,2.0,79.0,18.0,4.924030605973629,4.0308575780884,2.0,2.0
39.0,2.0,79.0,18.0,4.060559733942839,4.007437328640199,2.0,2.0
45.0,2.0,9.0,62.0,-1.3269698184563667,-2.138338493728947,2.0,2.0
38.0,2.0,9.0,62.0,-2.0080362812749644,-3.447835150504106,2.0,2.0
62.0,1.0,9.0,-3.0602489784832616,2.0
41.0,2.0,9.0,62.0,-3.7200371250821664,-3.313781338453237,2.0,2.0
27.0,1.0,5.0,2.5092942690068245,2.0
85.0,2.0,79.0,1.0,-4.805648400736393,4.197077690110646,2.0,2.0
49.0,1.0,9.0,2.963301223960532,2.0
19.0,1.0,18.0,4.3121820141873775,2.0
22.0,1.0,18.0,1.8326871194013572,2.0
74.0,1.0,18.0,4.371162139989185,2.0
24.0,1.0,18.0,4.774331208843714,2.0
20.0,1.0,18.0,3.8504053240335683,2.0
33.0,1.0,18.0,4.7279776461440015,2.0
99.0,2.0,9.0,90.0,-4.602117519094653,-3.7378584125818324,2.0,2.0
93.0,2.0,9.0,90.0,-2.0769569544647317,-3.6425090321344293,2.0,2.0
21.0,2.0,9.0,90.0,-4.7321391495830145,-4.494315716073463,2.0,2.0
81.0,2.0,9.0,90.0,-4.312192590642998,-1.1602038750953425,2.0,2.0
11.0,3.0,9.0,90.0,5.0,-4.881430544671495,-2.368683568397866,2.4370655124335765,2.0,2.0,2.0
3.0,1.0,1.0,-2.964702724683565,2.0
88.0,1.0,1.0,-4.4043472820664125,2.0
83.0,2.0,79.0,18.0,-3.342640120585434,2.9957189878403354,2.0,2.0
76.0,2.0,79.0,18.0,-3.5484510279427317,1.5852073118031473,2.0,2.0
69.0,1.0,9.0,-4.104140880763861,2.0
71.0,1.0,9.0,-4.509088293447135,2.0
14.0,1.0,9.0,-2.839004087690363,2.0
40.0,1.0,9.0,-2.57578764384835,2.0
66.0,1.0,9.0,-1.0707875580005233,2.0
34.0,1.0,9.0,-3.057135161810531,2.0
51.0,1.0,9.0,-1.661690695054773,2.0
23.0,1.0,9.0,3.9649495499501155,2.0
84.0,2.0,9.0,97.0,-3.007996072711825,-3.0053009781397946,2.0,2.0
55.0,2.0,9.0,97.0,-3.699841276849948,-4.940567164100487,2.0,2.0
97.0,1.0,9.0,-4.198469297494006,2.0
44.0,1.0,5.0,1.4641884443727706,2.0
75.0,1.0,5.0,3.240648891501838,2.0
2.0,2.0,77.0,1.0,-4.7773788921047675,-3.5655973920463198,2.0,2.0
77.0,1.0,1.0,-2.4707015567233523,2.0
87.0,1.0,5.0,2.2944536563746634,2.0
35.0,1.0,5.0,-2.3550351555975713,2.0
60.0,1.0,18.0,3.620663568367721,2.0
31.0,1.0,18.0,2.4127161179604237,2.0
98.0,1.0,18.0,2.4775208399105293,2.0
50.0,1.0,18.0,4.170112044997777,2.0
57.0,1.0,5.0,4.490954378502624,2.0
73.0,1.0,5.0,1.4322013969517498,2.0
58.0,1.0,9.0,-3.5543045573180074,2.0
48.0,1.0,9.0,-1.0261691910171304,2.0
16.0,1.0,9.0,-2.80399550073118,2.0
96.0,1.0,9.0,-3.503290679775191,2.0
37.0,1.0,9.0,-3.829996730936953,2.0
91.0,1.0,9.0,-2.125865964339776,2.0
68.0,1.0,9.0,-1.8093758073229487,2.0
52.0,1.0,9.0,-3.033709935175567,2.0
12.0,1.0,9.0,-1.268271239760732,2.0
65.0,1.0,9.0,-4.949421718396462,2.0
59.0,1.0,5.0,4.2437716868128135,2.0
0.0,4.0,9.0,18.0,5.0,1.0,3.0597257404052645,4.703384782429779,1.9200356154249767,-2.40999026520209,2.0,2.0,2.0,2.0
7.0,4.0,9.0,18.0,5.0,1.0,3.543858591693892,4.854908637256113,2.8371370007673486,-2.7311777049164396,2.0,2.0,2.0,2.0
53.0,4.0,9.0,18.0,5.0,1.0,3.0242171836202743,3.575657214636377,4.574153744340332,-3.5937446299202187,2.0,2.0,2.0,2.0
36.0,4.0,9.0,18.0,5.0,1.0,3.9343735258569494,3.48374634708273,4.685038296760201,-3.200251668981658,2.0,2.0,2.0,2.0
8.0,4.0,9.0,18.0,5.0,1.0,4.97337368874604,4.968238729121849,2.2335021790894825,-4.56825261062804,2.0,2.0,2.0,2.0
6.0,4.0,9.0,18.0,5.0,1.0,1.0437445193978339,3.3267862058031223,1.4346892515655076,-1.5321147584093806,2.0,2.0,2.0,2.0
4.0,4.0,9.0,18.0,5.0,1.0,4.057275556775366,1.4853964248425053,3.7667841189748166,-1.3643859676040329,2.0,2.0,2.0,2.0
67.0,1.0,5.0,-3.008066854072582,2.0
43.0,1.0,9.0,-4.0518492646024145,2.0
78.0,2.0,9.0,82.0,4.5350544867034515,-1.50703486774401,2.0,2.0
82.0,1.0,5.0,-4.483706930670191,2.0
17.0,1.0,9.0,-2.5406586273902776,2.0
70.0,1.0,9.0,2.461078515129974,2.0
29.0,1.0,5.0,2.014378003825312,2.0
10.0,1.0,9.0,-1.7667898208676767,2.0
25.0,1.0,18.0,3.424300707899359,2.0
32.0,1.0,18.0,2.585117853037158,2.0
42.0,1.0,18.0,3.9504925670755133,2.0
26.0,1.0,18.0,1.6041896626588055,2.0
30.0,1.0,18.0,3.543415939781019,2.0
13.0,1.0,5.0,4.903745185134976,2.0
