15.0,1.0,9.0,4.69201631196737,2.0
28.0,1.0,9.0,4.07126637794139,2.0
61.0,1.0,9.0,3.617253351629003,2.0
54.0,1.0,9.0,1.7280775914300808,2.0
80.0,1.0,79.0,-1.1623093363637929,2.0
72.0,2.0,79.0,5.0,-2.2347978021045254,-2.0254530193285545,2.0,2.0
86.0,1.0,79.0,-3.5128339184228197,2.0
94.0,1.0,79.0,-3.735111419395138,2.0
46.0,1.0,18.0,1.6426867744627112,2.0
89.0,1.0,79.0,-1.18676806341327,2.0
95.0,1.0,79.0,-2.0269483828227255,2.0
92.0,1.0,79.0,-4.937890332432467,2.0
63.0,2.0,79.0,18.0,3.90589898947704,4.592004753992271,2.0,2.0
47.0,2.0,79.0,18.0,4.082870633857867,2.22303565876108,2.0,2.0
56.0,2.0,79.0,18.0,3.967178942897683,3.100394108459086,2.0,2.0
64.0,2.0,79.0,18.0,4.597413578703822,2.5630406630806304,2.0,2.0
39.0,2.0,79.0,18.0,2.5916372880664236,1.0010276765335533,2.0,2.0
45.0,2.0,9.0,62.0,-4.846066654786979,-4.61087267237681,2.0,2.0
38.0,2.0,9.0,62.0,-1.7796271078149077,-4.4501088097941635,2.0,2.0
62.0,1.0,9.0,-1.094612467419727,2.0
41.0,2.0,9.0,62.0,-4.461003750585949,-2.3120682161250126,2.0,2.0
27.0,1.0,5.0,3.4464042747853596,2.0
85.0,2.0,79.0,1.0,-1.7734941951770233,4.523540244450967,2.0,2.0
49.0,1.0,9.0,4.96753140578504,2.0
19.0,1.0,18.0,4.024668610305621,2.0
22.0,1.0,18.0,3.0009616137642405,2.0
74.0,1.0,18.0,4.4530570086183605,2.0
24.0,1.0,18.0,3.742418125554773,2.0
20.0,1.0,18.0,4.621566380395475,2.0
33.0,1.0,18.0,3.3672026258712804,2.0
99.0,2.0,9.0,90.0,-4.6655281983821535,-2.127741330397708,2.0,2.0
93.0,2.0,9.0,90.0,-1.945269643886558,-3.701073277623496,2.0,2.0
21.0,2.0,9.0,90.0,-1.5429396788482967,-2.8452628967868807,2.0,2.0
81.0,2.0,9.0,90.0,-1.3249993073797253,-3.8622250583179802,2.0,2.0
11.0,3.0,9.0,90.0,5.0,-1.606705085145189,-2.08230894076269,1.3477993542076567,2.0,2.0,2.0
3.0,1.0,1.0,-2.7668171653077196,2.0
88.0,1.0,1.0,-3.7659707915920424,2.0
83.0,2.0,79.0,18.0,-3.9867908232665323,4.997211232114886,2.0,2.0
76.0,2.0,79.0,18.0,-1.5336840170084654,2.030288737029972,2.0,2.0
69.0,1.0,9.0,-3.7333315367832776,2.0
71.0,1.0,9.0,-4.298110923150729,2.0
14.0,1.0,9.0,-2.5175667801375967,2.0
40.0,1.0,9.0,-4.597904594699356,2.0
66.0,1.0,9.0,-3.592774707724957,2.0
34.0,1.0,9.0,-2.345334033274251,2.0
51.0,1.0,9.0,-3.3392150296995844,2.0
23.0,1.0,9.0,4.442560031485671,2.0
84.0,2.0,9.0,97.0,-3.3023288430061695,-3.359668259145238,2.0,2.0
55.0,2.0,9.0,97.0,-3.6745563719016356,-2.0350114534631563,2.0,2.0
97.0,1.0,9.0,-3.772191875228651,2.0
44.0,1.0,5.0,3.392856427582983,2.0
75.0,1.0,5.0,2.629562003084776,2.0
2.0,2.0,77.0,1.0,-1.1322716305629843,-3.6210229042562116,2.0,2.0
77.0,1.0,1.0,-2.720896664693309,2.0
87.0,1.0,5.0,1.6579441628367815,2.0
35.0,1.0,5.0,-2.6066089653559765,2.0
60.0,1.0,18.0,3.9335566503550563,2.0
31.0,1.0,18.0,2.1294077354018763,2.0
98.0,1.0,18.0,1.7514825651887378,2.0
50.0,1.0,18.0,3.5086522276462944,2.0
57.0,1.0,5.0,1.0138341377872635,2.0
73.0,1.0,5.0,2.5474898950245275,2.0
58.0,1.0,9.0,-3.8652299118455913,2.0
48.0,1.0,9.0,-2.355750338397593,2.0
16.0,1.0,9.0,-2.4335667442705167,2.0
96.0,1.0,9.0,-1.0692360528808296,2.0
37.0,1.0,9.0,-2.758727320190744,2.0
91.0,1.0,9.0,-4.405742623860954,2.0
68.0,1.0,9.0,-4.317530628480356,2.0
52.0,1.0,9.0,-1.7470642418243671,2.0
12.0,1.0,9.0,-3.0614785063247556,2.0
65.0,1.0,9.0,-2.981099850997441,2.0
59.0,1.0,5.0,1.5124407135841804,2.0
0.0,4.0,9.0,18.0,5.0,1.0,2.320349950673456,4.076127350194346,3.886861120622764,-1.3536716710559475,2.0,2.0,2.0,2.0
7.0,4.0,9.0,18.0,5.0,1.0,2.341816711578024,2.2444624174775667,3.3047360247029633,-2.5288079192842257,2.0,2.0,2.0,2.0
53.0,4.0,9.0,18.0,5.0,1.0,3.3741310763539314,1.1511227358280416,4.242986373760381,-2.812904095612771,2.0,2.0,2.0,2.0
36.0,4.0,9.0,18.0,5.0,1.0,4.578345231527331,1.3342200781538174,3.7003324984349395,-2.2886517430104605,2.0,2.0,2.0,2.0
8.0,4.0,9.0,18.0,5.0,1.0,2.183781999911456,2.868746583959889,3.1595790902072767,-1.5656930098603565,2.0,2.0,2.0,2.0
6.0,4.0,9.0,18.0,5.0,1.0,3.2439003982959123,2.502885908172629,2.7731541194617364,-3.7332771999514316,2.0,2.0,2.0,2.0
4.0,4.0,9.0,18.0,5.0,1.0,3.803315991571584,3.1964002690731874,4.083049187541464,-4.354032868465406,2.0,2.0,2.0,2.0
67.0,1.0,5.0,-1.129529214218267,2.0
43.0,1.0,9.0,-1.1977818810895289,2.0
78.0,2.0,9.0,82.0,1.1750647374544414,-2.9895776341155726,2.0,2.0
82.0,1.0,5.0,-3.9337949758472583,2.0
17.0,1.0,9.0,-1.2234107615153174,2.0
70.0,1.0,9.0,2.9807902263462225,2.0
29.0,1.0,5.0,4.8312201818901475,2.0
10.0,1.0,9.0,-3.1841064476280487,2.0
25.0,1.0,18.0,4.569877720385598,2.0
32.0,1.0,18.0,1.9609708059482598,2.0
42.0,1.0,18.0,3.8205794401453237,2.0
26.0,1.0,18.0,3.53437126743918,2.0
30.0,1.0,18.0,3.2240432933550047,2.0
13.0,1.0,5.0,3.929953273742326,2.0
