15.0,1.0,9.0,1.4371905829029958,2.0
28.0,1.0,9.0,3.199153042338977,2.0
61.0,1.0,9.0,2.946618277743105,2.0
54.0,1.0,9.0,4.7589550614906315,2.0
80.0,1.0,79.0,-2.780992080934298,2.0
72.0,2.0,79.0,5.0,-2.5404455708144185,-4.416465916922906,2.0,2.0
86.0,1.0,79.0,-1.9947563596034494,2.0
94.0,1.0,79.0,-3.12960053259688,2.0
46.0,1.0,18.0,3.320482551018108,2.0
89.0,1.0,79.0,-3.849735882420034,2.0
95.0,1.0,79.0,-2.1437999230581655,2.0
92.0,1.0,79.0,-2.0416413505288764,2.0
63.0,2.0,79.0,18.0,4.155420441111241,4.963878378555631,2.0,2.0
47.0,2.0,79.0,18.0,3.727238906018737,2.9044250363230812,2.0,2.0
56.0,2.0,79.0,18.0,2.303570696281883,1.9631764486746417,2.0,2.0
64.0,2.0,79.0,18.0,2.8410390299993846,3.783059549318731,2.0,2.0
39.0,2.0,79.0,18.0,3.278063464229682,4.361702694476429,2.0,2.0
45.0,2.0,9.0,62.0,-1.264908473333115,-3.8951501830185977,2.0,2.0
38.0,2.0,9.0,62.0,-3.3336762365696817,-2.369491632350898,2.0,2.0
62.0,1.0,9.0,-3.4394656121120772,2.0
41.0,2.0,9.0,62.0,-3.9631708615503736,-2.5623449899931416,2.0,2.0
27.0,1.0,5.0,4.268207890172423,2.0
85.0,2.0,79.0,1.0,-3.1531045127722668,3.2557125280125416,2.0,2.0
49.0,1.0,9.0,1.5745482484908284,2.0
19.0,1.0,18.0,1.156388285665325,2.0
22.0,1.0,18.0,2.80088231995872,2.0
74.0,1.0,18.0,2.6060481021197788,2.0
24.0,1.0,18.0,4.553479816904848,2.0
20.0,1.0,18.0,2.6439488767508297,2.0
33.0,1.0,18.0,4.501194651422004,2.0
99.0,2.0,9.0,90.0,-4.038353120361718,-2.401633176570606,2.0,2.0
93.0,2.0,9.0,90.0,-3.7322788550358053,-4.506075747851187,2.0,2.0
21.0,2.0,9.0,90.0,-4.992471687109608,-3.3856720269173195,2.0,2.0
81.0,2.0,9.0,90.0,-4.598158320640665,-2.145169550744566,2.0,2.0
11.0,3.0,9.0,90.0,5.0,-2.1973483613550853,-3.513841232629349,1.131607443755537,2.0,2.0,2.0
3.0,1.0,1.0,-2.8906728205157752,2.0
88.0,1.0,1.0,-2.2214920729817513,2.0
83.0,2.0,79.0,18.0,-1.3649736312145904,2.9711663550045473,2.0,2.0
76.0,2.0,79.0,18.0,-3.9586317533516318,4.836749514017701,2.0,2.0
69.0,1.0,9.0,-4.397549882724354,2.0
71.0,1.0,9.0,-4.162982749938724,2.0
14.0,1.0,9.0,-4.255826956996669,2.0
40.0,1.0,9.0,-4.5310772657322325,2.0
66.0,1.0,9.0,-2.325146512258423,2.0
34.0,1.0,9.0,-3.1802100045335457,2.0
51.0,1.0,9.0,-2.779745039360759,2.0
23.0,1.0,9.0,4.2185352888292655,2.0
84.0,2.0,9.0,97.0,-4.512064916064557,-4.899945688598784,2.0,2.0
55.0,2.0,9.0,97.0,-3.4758746562280542,-1.12479180610949,2.0,2.0
97.0,1.0,9.0,-3.9988133434546778,2.0
44.0,1.0,5.0,3.9095272676423436,2.0
75.0,1.0,5.0,3.595888143275138,2.0
2.0,2.0,77.0,1.0,-3.9077598673398466,-1.827794180153714,2.0,2.0
77.0,1.0,1.0,-1.644917952359338,2.0
87.0,1.0,5.0,4.40655535893737,2.0
35.0,1.0,5.0,-1.8697194441865332,2.0
60.0,1.0,18.0,3.090022322093682,2.0
31.0,1.0,18.0,4.102936119864294,2.0
98.0,1.0,18.0,4.593895939483705,2.0
50.0,1.0,18.0,2.7847579482953764,2.0
57.0,1.0,5.0,1.2174241746442807,2.0
73.0,1.0,5.0,1.61741427329352,2.0
58.0,1.0,9.0,-3.180203248262224,2.0
48.0,1.0,9.0,-4.618974697618212,2.0
16.0,1.0,9.0,-1.8141228637864146,2.0
96.0,1.0,9.0,-4.125382705394305,2.0
37.0,1.0,9.0,-4.149092840176572,2.0
91.0,1.0,9.0,-4.304788068062672,2.0
68.0,1.0,9.0,-2.716814595970107,2.0
52.0,1.0,9.0,-3.857279579895797,2.0
12.0,1.0,9.0,-4.956768114649185,2.0
65.0,1.0,9.0,-3.3235692468257056,2.0
59.0,1.0,5.0,4.726427714478661,2.0
0.0,4.0,9.0,18.0,5.0,1.0,3.862937334196846,2.5395632135916806,2.1634330035107916,-2.4928180098631936,2.0,2.0,2.0,2.0
7.0,4.0,9.0,18.0,5.0,1.0,4.003974179303221,2.08512891558012,3.347027451976629,-1.357943317347261,2.0,2.0,2.0,2.0
53.0,4.0,9.0,18.0,5.0,1.0,1.5820017125648649,3.644935640471707,2.816513160261015,-4.48161056334356,2.0,2.0,2.0,2.0
36.0,4.0,9.0,18.0,5.0,1.0,3.51851729055154,3.0514276152407516,4.245821173112496,-2.743117338617853,2.0,2.0,2.0,2.0
8.0,4.0,9.0,18.0,5.0,1.0,2.9220161617825036,1.8008632004463143,4.603181990729654,-4.598463213258409,2.0,2.0,2.0,2.0
6.0,4.0,9.0,18.0,5.0,1.0,1.8125915987450192,1.1127060212108986,4.190335134554749,-1.9413438400897576,2.0,2.0,2.0,2.0
4.0,4.0,9.0,18.0,5.0,1.0,1.4656772049607754,1.4502002322094407,2.9630007670258056,-4.203936526406079,2.0,2.0,2.0,2.0
67.0,1.0,5.0,-4.532015125106662,2.0
43.0,1.0,9.0,-2.1914090890710174,2.0
78.0,2.0,9.0,82.0,1.7309811962217219,-1.8947508388064662,2.0,2.0
82.0,1.0,5.0,-4.330024910538179,2.0
17.0,1.0,9.0,-4.578395010387034,2.0
70.0,1.0,9.0,1.8714972122718372,2.0
29.0,1.0,5.0,2.459933130159769,2.0
10.0,1.0,9.0,-2.6570694931954346,2.0
25.0,1.0,18.0,4.393680448606545,2.0
32.0,1.0,18.0,3.3902555912918313,2.0
42.0,1.0,18.0,4.452590272660373,2.0
26.0,1.0,18.0,4.068324698599488,2.0
30.0,1.0,18.0,3.956422364008631,2.0
13.0,1.0,5.0,1.548799898157359,2.0
