15.0,1.0,9.0,1.7686991785595243,2.0
28.0,1.0,9.0,1.6753598328804502,2.0
61.0,1.0,9.0,3.723509142846672,2.0
54.0,1.0,9.0,2.8661819765224195,2.0
80.0,1.0,79.0,-4.02074418473515,2.0
72.0,2.0,79.0,5.0,-2.3533707117438394,-3.0030025533690163,2.0,2.0
86.0,1.0,79.0,-3.9184321246823925,2.0
94.0,1.0,79.0,-1.9564840370173937,2.0
46.0,1.0,18.0,4.239981877724656,2.0
89.0,1.0,79.0,-3.505958534749697,2.0
95.0,1.0,79.0,-2.626258038048121,2.0
92.0,1.0,79.0,-2.924394079896459,2.0
63.0,2.0,79.0,18.0,3.8192293176141807,2.7109207476647406,2.0,2.0
47.0,2.0,79.0,18.0,3.72132841991507,2.311316452456428,2.0,2.0
56.0,2.0,79.0,18.0,4.291482729597445,3.337635814884517,2.0,2.0
64.0,2.0,79.0,18.0,3.63501226565247,3.6272901094289565,2.0,2.0
39.0,2.0,79.0,18.0,1.3226887150554143,2.4228158888841103,2.0,2.0
45.0,2.0,9.0,62.0,-2.169914012465856,-1.3876244030395384,2.0,2.0
38.0,2.0,9.0,62.0,-1.6915042111263645,-1.729451124393845,2.0,2.0
62.0,1.0,9.0,-1.9857257338175773,2.0
41.0,2.0,9.0,62.0,-2.451815595414889,-2.4249209393273006,2.0,2.0
27.0,1.0,5.0,1.3222584918714557,2.0
85.0,2.0,79.0,1.0,-2.0387599656858835,4.003765972472921,2.0,2.0
49.0,1.0,9.0,3.8499834917612357,2.0
19.0,1.0,18.0,4.7287080669089505,2.0
22.0,1.0,18.0,1.3075004591141246,2.0
74.0,1.0,18.0,3.877395670138672,2.0
24.0,1.0,18.0,3.943334725806916,2.0
20.0,1.0,18.0,3.4149452605583264,2.0
33.0,1.0,18.0,3.3787917071784075,2.0
99.0,2.0,9.0,90.0,-1.9807822156809536,-2.3413945483944816,2.0,2.0
93.0,2.0,9.0,90.0,-4.5681320767087055,-4.725312500720136,2.0,2.0
21.0,2.0,9.0,90.0,-2.1439095582068393,-3.6385665801275873,2.0,2.0
81.0,2.0,9.0,90.0,-1.4959057983283492,-3.8219648144386977,2.0,2.0
11.0,3.0,9.0,90.0,5.0,-3.9390648357825837,-2.38657818673738,2.361817331415387,2.0,2.0,2.0
3.0,1.0,1.0,-1.6348070233455618,2.0
88.0,1.0,1.0,-3.4160679778653495,2.0
83.0,2.0,79.0,18.0,-4.52436787698545,1.6253705230969069,2.0,2.0
76.0,2.0,79.0,18.0,-4.399313897572368,1.4334434959481368,2.0,2.0
69.0,1.0,9.0,-1.0252606453980002,2.0
71.0,1.0,9.0,-3.0030733858813843,2.0
14.0,1.0,9.0,-3.8914118571251315,2.0
40.0,1.0,9.0,-2.2145617319389306,2.0
66.0,1.0,9.0,-3.125963936740734,2.0
34.0,1.0,9.0,-3.1157433347240766,2.0
51.0,1.0,9.0,-2.1140533900606115,2.0
23.0,1.0,9.0,1.4425156937000518,2.0
84.0,2.0,9.0,97.0,-3.5185203906049014,-1.0254783612109133,2.0,2.0
55.0,2.0,9.0,97.0,-2.197912800825096,-1.7771287778741307,2.0,2.0
97.0,1.0,9.0,-3.2643791432289797,2.0
44.0,1.0,5.0,2.2558893748546773,2.0
75.0,1.0,5.0,2.6444154485059417,2.0
2.0,2.0,77.0,1.0,-4.457504555149729,-2.1840705010589083,2.0,2.0
77.0,1.0,1.0,-3.2769825709113425,2.0
87.0,1.0,5.0,4.082908019409651,2.0
35.0,1.0,5.0,-4.225094919968948,2.0
60.0,1.0,18.0,2.9697759187771733,2.0
31.0,1.0,18.0,3.7773052263791134,2.0
98.0,1.0,18.0,3.388266486607636,2.0
50.0,1.0,18.0,1.433741671412597,2.0
57.0,1.0,5.0,1.5876632201210903,2.0
73.0,1.0,5.0,1.9935125883567633,2.0
58.0,1.0,9.0,-2.6736132809632944,2.0
48.0,1.0,9.0,-2.605601429995413,2.0
16.0,1.0,9.0,-4.183049312235151,2.0
96.0,1.0,9.0,-2.526166134143165,2.0
37.0,1.0,9.0,-4.582113068121288,2.0
91.0,1.0,9.0,-1.5368099845596235,2.0
68.0,1.0,9.0,-1.2162580433602006,2.0
52.0,1.0,9.0,-1.6420116239578415,2.0
12.0,1.0,9.0,-2.2163739907304425,2.0
65.0,1.0,9.0,-3.4672318497669954,2.0
59.0,1.0,5.0,1.834254434278138,2.0
0.0,4.0,9.0,18.0,5.0,1.0,1.9416131042112315,4.268811580508263,1.8246070308392945,-2.250483798534939,2.0,2.0,2.0,2.0
7.0,4.0,9.0,18.0,5.0,1.0,1.3579799293092134,1.829304319751372,4.653263375834141,-2.7075102688032113,2.0,2.0,2.0,2.0
53.0,4.0,9.0,18.0,5.0,1.0,2.635053182925194,1.473002414535932,2.9025665460887313,-4.882401615492141,2.0,2.0,2.0,2.0
36.0,4.0,9.0,18.0,5.0,1.0,3.884625892984773,1.743987755897824,2.5942078913156617,-1.0676502324856405,2.0,2.0,2.0,2.0
8.0,4.0,9.0,18.0,5.0,1.0,4.359261538971895,3.915318476002968,1.9706485079840474,-1.5014300420750732,2.0,2.0,2.0,2.0
6.0,4.0,9.0,18.0,5.0,1.0,2.4147795500475637,3.548154142099016,2.6739676718905128,-3.3062850383171183,2.0,2.0,2.0,2.0
4.0,4.0,9.0,18.0,5.0,1.0,2.0904731893816066,4.047174438895221,4.301893360568874,-4.677882689543315,2.0,2.0,2.0,2.0
67.0,1.0,5.0,-1.867298827259542,2.0
43.0,1.0,9.0,-3.600258990031924,2.0
78.0,2.0,9.0,82.0,4.60381219730545,-3.322386215842824,2.0,2.0
82.0,1.0,5.0,-1.3897272341259832,2.0
17.0,1.0,9.0,-2.7396601636079794,2.0
70.0,1.0,9.0,4.224260684039699,2.0
29.0,1.0,5.0,1.706060816215444,2.0
10.0,1.0,9.0,-2.635053439214493,2.0
25.0,1.0,18.0,2.3581967088050386,2.0
32.0,1.0,18.0,4.496424272584525,2.0
42.0,1.0,18.0,1.5946930724330328,2.0
26.0,1.0,18.0,3.342843210437131,2.0
30.0,1.0,18.0,4.863626968074649,2.0
13.0,1.0,5.0,2.0113255310924543,2.0
