367.0,2.0,243.0,277.0,1.8482910095142633,1.670971366173565,2.0,2.0
21.0,1.0,19.0,3.38994663085949,2.0
192.0,5.0,30.0,391.0,84.0,19.0,69.0,2.6624049321615417,3.530722368484427,-2.7883407086374796,4.664691131816156,-4.6542220543404635,2.0,2.0,2.0,2.0,2.0
256.0,1.0,102.0,2.856913658872011,2.0
352.0,1.0,253.0,1.5344139449995935,2.0
234.0,1.0,67.0,-3.9192876724960644,2.0
201.0,2.0,19.0,67.0,1.0668258221571234,1.930784566760932,2.0,2.0
185.0,1.0,67.0,-2.706736100157869,2.0
292.0,5.0,84.0,395.0,47.0,382.0,54.0,-1.4910220306508073,3.1613633055795196,-2.350495613447838,-3.573827335119645,-3.855176942910811,2.0,2.0,2.0,2.0,2.0
275.0,1.0,47.0,1.4705717393635696,2.0
236.0,3.0,30.0,395.0,115.0,-3.02822969231198,2.25514743420953,1.7105297665589179,2.0,2.0,2.0
1.0,1.0,19.0,1.674023533937293,2.0
163.0,1.0,47.0,-3.2605265786721302,2.0
2.0,1.0,1.0,-1.5065126388110883,2.0
264.0,6.0,391.0,355.0,115.0,382.0,262.0,54.0,3.030324017696965,2.121108483091279,-3.8649840330770897,1.2176722746643884,-1.9680593413010565,-3.027767400588438,2.0,2.0,2.0,2.0,2.0,2.0
272.0,7.0,391.0,355.0,170.0,115.0,382.0,262.0,54.0,2.423497596839187,4.962232137768808,1.2318384437041856,-3.380749166304551,1.0129445521547438,2.6893306904288203,3.763635245209246,2.0,2.0,2.0,2.0,2.0,2.0,2.0
207.0,3.0,170.0,47.0,262.0,4.66725032576951,-2.2586827142211,1.827032454051968,2.0,2.0,2.0
116.0,2.0,115.0,54.0,2.490487258375658,1.720810849196213,2.0,2.0
217.0,2.0,144.0,102.0,1.2454050272094008,1.2318121588149347,2.0,2.0
76.0,5.0,30.0,355.0,19.0,393.0,253.0,-3.6154891787661607,2.3642603508330775,3.789668931635111,2.2736956793340894,-3.1813645978580003,2.0,2.0,2.0,2.0,2.0
338.0,2.0,84.0,144.0,-4.860239339054919,-2.619905890591439,2.0,2.0
334.0,2.0,84.0,144.0,-4.169922563098245,-3.284662340970235,2.0,2.0
45.0,13.0,30.0,359.0,84.0,355.0,19.0,47.0,80.0,144.0,115.0,102.0,46.0,67.0,54.0,3.9610332907380057,2.961369373758312,1.885243515272272,2.288474357120877,-4.372461150135635,3.3803717098667088,-2.4955288866189522,-2.73222866522389,4.116797534056715,-4.379492510377839,2.4906250644302452,3.69387208772754,3.9922898096027053,2.0,2.0,2.0,2.0,2.0,2.0,2.0,2.0,2.0,2.0,2.0,2.0,2.0
51.0,9.0,359.0,355.0,19.0,47.0,80.0,102.0,46.0,67.0,54.0,-3.051157455847958,4.592872000554249,3.4798704557559357,4.953287088285623,3.1226279880895547,-2.0477777631721303,1.8965875619590675,-1.860977640022575,1.978720685357232,2.0,2.0,2.0,2.0,2.0,2.0,2.0,2.0,2.0
56.0,9.0,359.0,355.0,19.0,47.0,80.0,102.0,46.0,67.0,54.0,-3.562350798230323,-4.699651899666081,2.570524283967865,-3.7592976536945804,-4.831923387238297,4.037053531206281,3.9884032175590503,4.318509313091416,4.165293192873351,2.0,2.0,2.0,2.0,2.0,2.0,2.0,2.0,2.0
20.0,2.0,1.0,19.0,1.963288540032385,1.2659313642473067,2.0,2.0
87.0,1.0,67.0,2.324748078860016,2.0
360.0,2.0,355.0,170.0,-2.4761280974435973,4.507063334235424,2.0,2.0
90.0,8.0,30.0,19.0,395.0,170.0,47.0,102.0,123.0,67.0,-1.365100773984552,4.487416880415813,-3.259296741895418,-4.230811440791232,-2.9879646887405586,-3.4310337203610026,3.4693113188769362,-1.604946233910117,2.0,2.0,2.0,2.0,2.0,2.0,2.0,2.0
329.0,1.0,144.0,-1.62333040076909,2.0
300.0,2.0,253.0,54.0,3.174130415818838,-4.890757786560348,2.0,2.0
247.0,2.0,47.0,144.0,1.1499277139945079,-2.673841661625367,2.0,2.0
276.0,2.0,47.0,253.0,2.869161915309714,1.2989378054939933,2.0,2.0
327.0,3.0,391.0,84.0,123.0,3.455524526107644,-2.460027113798256,2.3542583952683955,2.0,2.0,2.0
354.0,3.0,84.0,123.0,54.0,-1.6068030787017435,1.3756971350029223,-4.368368718272238,2.0,2.0,2.0
105.0,3.0,80.0,144.0,102.0,3.1533857694416527,-3.095640948027747,2.264711072043868,2.0,2.0,2.0
30.0,1.0,170.0,3.3541222856930006,2.0
72.0,1.0,30.0,2.712633160559043,2.0
200.0,2.0,30.0,170.0,4.18313535140237,-4.8371945785056605,2.0,2.0
368.0,3.0,30.0,393.0,253.0,-3.4851471609035265,-4.645925766242452,-3.3381055434763467,2.0,2.0,2.0
340.0,1.0,67.0,2.562317129868231,2.0
290.0,1.0,69.0,-1.9154357822712136,2.0
141.0,1.0,69.0,1.2957032983964072,2.0
66.0,6.0,47.0,180.0,80.0,115.0,46.0,67.0,1.1521012416983143,3.8048573379769666,4.624637411950106,1.368547364480459,1.647345581990169,4.349482134208104,2.0,2.0,2.0,2.0,2.0,2.0
243.0,8.0,277.0,47.0,180.0,80.0,115.0,46.0,253.0,67.0,3.423846320012497,-4.877876669837205,-2.3522194177127926,2.574841823950113,-2.545234682119824,-2.4256514412988066,-1.3501407099314968,3.9021028112881457,2.0,2.0,2.0,2.0,2.0,2.0,2.0,2.0
77.0,2.0,19.0,46.0,1.719108663035438,-4.344782587357512,2.0,2.0
238.0,1.0,84.0,4.033820702438522,2.0
349.0,2.0,47.0,144.0,-2.661065885138346,-4.583078925288653,2.0,2.0
278.0,1.0,253.0,2.606784937824147,2.0
177.0,11.0,212.0,277.0,359.0,302.0,47.0,180.0,80.0,115.0,102.0,46.0,253.0,4.237404513198067,3.2319548487027423,-1.1493914918561923,3.256411187256218,-2.944132724087552,4.094163597928772,-3.5404710171383935,2.466590478433046,1.5112981056340056,4.059974550064826,2.02408279565159,2.0,2.0,2.0,2.0,2.0,2.0,2.0,2.0,2.0,2.0,2.0
196.0,11.0,212.0,277.0,359.0,302.0,47.0,180.0,80.0,115.0,102.0,46.0,253.0,-4.752522838975155,2.0295841621684785,-3.3199055522594603,-1.9055631631975598,-3.265297528000639,4.727424057716801,1.6032637703681272,2.938229947505388,4.057877829204603,-1.5414233482506483,-4.025949054775886,2.0,2.0,2.0,2.0,2.0,2.0,2.0,2.0,2.0,2.0,2.0
240.0,8.0,359.0,302.0,47.0,180.0,80.0,115.0,102.0,46.0,-3.9327111732557816,-2.079742920984738,3.256674433203138,-1.5650087839147786,3.801189623710098,-4.664354840031313,-2.7084136901280402,-4.504248915656728,2.0,2.0,2.0,2.0,2.0,2.0,2.0,2.0
263.0,1.0,196.0,3.6004320515585757,2.0
212.0,4.0,80.0,144.0,41.0,331.0,1.8491235613616102,4.31965915195272,-1.1081613894405407,4.2337563804114975,2.0,2.0,2.0,2.0
277.0,1.0,331.0,-4.58810311305057,2.0
372.0,1.0,331.0,-3.0951273301793925,2.0
82.0,7.0,391.0,355.0,170.0,47.0,80.0,67.0,54.0,1.883784518131233,-1.8091784704894076,3.198671658036541,2.111547317100806,-1.4040752407657124,3.0353093174105936,2.0501256989227374,2.0,2.0,2.0,2.0,2.0,2.0,2.0
339.0,2.0,47.0,253.0,2.692923175378005,-1.274396996220439,2.0,2.0
310.0,2.0,47.0,253.0,4.783301534878629,-1.1335811351770388,2.0,2.0
187.0,5.0,19.0,47.0,46.0,393.0,253.0,2.7940921253026603,-4.6265194655160045,-4.058743928448703,-4.628590492399045,-1.4149215331981773,2.0,2.0,2.0,2.0,2.0
188.0,5.0,19.0,47.0,46.0,393.0,253.0,-4.113438412653247,4.952441009636022,2.8500833069686022,4.170143632071246,3.3281811844906803,2.0,2.0,2.0,2.0,2.0
74.0,4.0,84.0,355.0,47.0,46.0,-3.899845739726829,-3.743195862870645,-2.2038195198572486,2.4722958546687606,2.0,2.0,2.0,2.0
326.0,4.0,84.0,355.0,47.0,46.0,-3.1857417311356886,-4.154133744278558,-4.600132555453243,3.780343510977285,2.0,2.0,2.0,2.0
107.0,1.0,19.0,1.3438412697769704,2.0
311.0,1.0,19.0,-4.8562801251761964,2.0
299.0,2.0,69.0,102.0,4.101501585138927,4.2389386158843205,2.0,2.0
119.0,3.0,359.0,80.0,102.0,-4.924609118057404,-1.161312362226635,-4.788992723007421,2.0,2.0,2.0
379.0,6.0,391.0,355.0,170.0,123.0,262.0,54.0,2.541738902185685,-3.6989267746940273,-3.8147056688789474,1.8609479771691482,-1.346816057124442,3.4481968386962305,2.0,2.0,2.0,2.0,2.0,2.0
267.0,1.0,144.0,-4.960266662103187,2.0
131.0,1.0,67.0,2.3062904553401857,2.0
172.0,5.0,1.0,391.0,19.0,144.0,67.0,-1.8220128341918387,3.831304403967749,-2.2137450164356522,-4.416783009128578,4.127336332936167,2.0,2.0,2.0,2.0,2.0
332.0,8.0,391.0,355.0,144.0,102.0,150.0,331.0,382.0,54.0,1.3083423824833265,-1.8977693695567042,2.012416691325776,-4.490566315540742,-2.45265203495477,3.0773018659661173,-4.015564399230577,-2.2361337205263316,2.0,2.0,2.0,2.0,2.0,2.0,2.0,2.0
63.0,4.0,1.0,19.0,144.0,123.0,-1.2015315613674598,3.7538371061942484,2.8216789434395064,2.4790334156409406,2.0,2.0,2.0,2.0
179.0,2.0,144.0,123.0,4.52477334933887,4.227573151056806,2.0,2.0
191.0,6.0,391.0,355.0,170.0,123.0,262.0,54.0,-3.6678147691022223,4.78657976433151,4.498599895040314,2.332883521478663,-2.812956812188569,4.89552390091617,2.0,2.0,2.0,2.0,2.0,2.0
366.0,7.0,359.0,355.0,80.0,144.0,102.0,41.0,331.0,-3.9192979012950864,4.095738602949837,2.41518098334851,3.984498897664314,-3.8835346546042446,-2.7830524670832353,-3.7061023471377994,2.0,2.0,2.0,2.0,2.0,2.0,2.0
125.0,3.0,144.0,123.0,67.0,1.7841732385397067,3.726478280413906,-4.77717038650654,2.0,2.0,2.0
293.0,1.0,253.0,-1.7793414739956614,2.0
333.0,2.0,302.0,144.0,1.9968697274363012,-1.596943545597656,2.0,2.0
280.0,3.0,277.0,302.0,144.0,-2.249802825457014,-4.623629882914153,-4.802607837440343,2.0,2.0,2.0
244.0,1.0,84.0,-2.8915301076633595,2.0
330.0,1.0,253.0,-4.298577619786525,2.0
355.0,3.0,391.0,382.0,262.0,2.5057352126891055,-4.874871852726698,2.451368022083911,2.0,2.0,2.0
147.0,1.0,47.0,-1.364671850594029,2.0
214.0,1.0,30.0,3.6957299566390875,2.0
23.0,2.0,30.0,19.0,1.5491709005964776,-2.531195158222514,2.0,2.0
24.0,2.0,30.0,19.0,-2.8823490137576377,-3.838628904708896,2.0,2.0
241.0,1.0,84.0,2.0303202042713213,2.0
15.0,2.0,1.0,19.0,-1.3451962218368143,3.029145964226029,2.0,2.0
8.0,2.0,1.0,80.0,1.3938543601313436,-3.059456348647757,2.0,2.0
10.0,2.0,1.0,80.0,3.3347078968048196,-1.1598940958466626,2.0,2.0
271.0,2.0,30.0,253.0,2.610146054294804,-3.5117158736971943,2.0,2.0
362.0,1.0,123.0,-3.7153992159556863,2.0
285.0,1.0,30.0,-3.0287611278949855,2.0
62.0,3.0,47.0,46.0,253.0,-3.0479202845852664,2.9979999461131137,3.45373508945357,2.0,2.0,2.0
64.0,3.0,47.0,46.0,253.0,1.1384681643088759,4.959055093234561,-2.8646714520625056,2.0,2.0,2.0
12.0,1.0,1.0,1.30784415267268,2.0
3.0,1.0,1.0,-1.165126268180757,2.0
86.0,1.0,67.0,4.189062830510178,2.0
390.0,1.0,67.0,2.9564056484907213,2.0
233.0,1.0,123.0,-1.0642942266249507,2.0
189.0,1.0,123.0,-1.4902982999693473,2.0
181.0,1.0,123.0,-4.172137145923946,2.0
61.0,13.0,30.0,84.0,355.0,19.0,170.0,47.0,80.0,115.0,102.0,46.0,41.0,54.0,130.0,1.130108828380823,-3.5239789558112893,-4.054618093062931,2.293831542464861,-1.9749176760041616,4.837745906030291,4.782229196468598,1.924692486194267,1.3371185821809357,3.0411512035005157,-3.7144964858887155,-1.139930826311594,3.7461488901273796,2.0,2.0,2.0,2.0,2.0,2.0,2.0,2.0,2.0,2.0,2.0,2.0,2.0
34.0,15.0,30.0,359.0,355.0,19.0,170.0,47.0,80.0,144.0,115.0,102.0,46.0,41.0,253.0,67.0,54.0,2.06524361459583,-2.5696489217990357,2.740599150590848,-2.5137540602170656,-1.277728200654206,4.742810986898036,2.79699233685809,2.0860402729948686,-1.4987367626861858,-1.4294921630723438,-4.127798424678584,4.299260343070991,-2.553267062501218,-4.629579717377523,1.1621894813352283,2.0,2.0,2.0,2.0,2.0,2.0,2.0,2.0,2.0,2.0,2.0,2.0,2.0,2.0,2.0
237.0,17.0,30.0,359.0,84.0,355.0,19.0,170.0,47.0,180.0,80.0,144.0,115.0,102.0,46.0,41.0,253.0,67.0,54.0,-3.0722346927081547,2.2742416171548405,4.362162056464644,-2.009447721772769,-3.9610764015086297,-3.6010879159333524,2.0996638477061036,-1.1488545248582365,4.670955451547554,2.649903020564954,2.1342672449061353,-4.841010619280588,-3.700941791475704,1.5403546677726325,1.2494686812914657,3.878897117678436,3.085098795641917,2.0,2.0,2.0,2.0,2.0,2.0,2.0,2.0,2.0,2.0,2.0,2.0,2.0,2.0,2.0,2.0,2.0
136.0,5.0,30.0,391.0,115.0,331.0,123.0,4.884049726897041,3.620898749156924,2.8669173021482752,-4.9517627577476,1.1759373362003358,2.0,2.0,2.0,2.0,2.0
85.0,1.0,69.0,-1.9231779171225374,2.0
89.0,6.0,30.0,391.0,355.0,123.0,262.0,54.0,-1.6767021447177348,1.3081135597133904,-3.884320471199764,3.501585359623017,-4.576012638561819,2.6920423052434916,2.0,2.0,2.0,2.0,2.0,2.0
35.0,3.0,30.0,19.0,253.0,3.864149715787059,4.394764987863856,-1.8356931788988176,2.0,2.0,2.0
205.0,1.0,67.0,-2.070300521236722,2.0
223.0,1.0,67.0,3.797513254770246,2.0
79.0,3.0,47.0,46.0,253.0,4.825721640100449,-2.6353987618861914,3.4198740201870943,2.0,2.0,2.0
184.0,3.0,47.0,46.0,253.0,4.375493083887221,-3.7293506217973356,2.8215636215618938,2.0,2.0,2.0
249.0,3.0,47.0,46.0,253.0,4.869428332079058,-2.06928491742895,-3.219103448414153,2.0,2.0,2.0
98.0,3.0,47.0,46.0,253.0,-1.1294662372564828,1.3196497945331114,2.644390759535179,2.0,2.0,2.0
218.0,2.0,84.0,144.0,4.140038966086853,1.3869148374434914,2.0,2.0
319.0,2.0,84.0,144.0,1.9327754912468404,-1.8840695089695485,2.0,2.0
239.0,5.0,30.0,391.0,115.0,331.0,123.0,-3.284677211923107,-2.21518687163861,2.594567848776245,2.614717348308081,4.5465519219185975,2.0,2.0,2.0,2.0,2.0
78.0,3.0,47.0,373.0,54.0,4.069472766105205,2.5227162323597896,-3.8710947754814775,2.0,2.0,2.0
96.0,4.0,30.0,19.0,393.0,253.0,1.44237668156621,1.8752506501747974,3.8996300087132694,1.4370357325345364,2.0,2.0,2.0,2.0
258.0,1.0,47.0,3.6296970481719195,2.0
168.0,3.0,19.0,47.0,253.0,3.9221524062110777,-2.6527723621702353,-4.555469126027644,2.0,2.0,2.0
68.0,1.0,47.0,-1.048884323561329,2.0
81.0,9.0,30.0,84.0,19.0,47.0,180.0,144.0,115.0,46.0,67.0,2.368221603139074,3.333117868938735,-4.781443687068176,-1.1012265825663476,1.4581809374821866,2.4116915262645535,3.8950861428755124,-1.3446212054700082,2.592755387799577,2.0,2.0,2.0,2.0,2.0,2.0,2.0,2.0,2.0
49.0,17.0,30.0,398.0,359.0,84.0,19.0,170.0,47.0,180.0,373.0,80.0,144.0,115.0,102.0,46.0,41.0,67.0,130.0,-3.7099011813311358,-3.0343387514121885,3.036172411069624,-4.550913359239962,-2.7616661138707026,-1.6790632546131086,4.856147374212327,-2.2230318473194783,1.2192934567377427,4.932658640236423,-1.7476903173586478,1.9332191894141344,-4.572676357799587,-2.0686678295923544,-1.70973626282281,4.0544282000762415,3.6434874762200455,2.0,2.0,2.0,2.0,2.0,2.0,2.0,2.0,2.0,2.0,2.0,2.0,2.0,2.0,2.0,2.0,2.0
345.0,12.0,398.0,359.0,84.0,170.0,47.0,373.0,80.0,144.0,102.0,41.0,67.0,130.0,-3.032645558461585,-4.362397342047045,-1.9791432120918486,4.391520491143261,-1.214155188557481,-4.7858029279892245,2.149490647011998,2.8424621681526046,-1.1384359461394196,-4.776359258134162,-1.0148830014810302,3.5366162509571217,2.0,2.0,2.0,2.0,2.0,2.0,2.0,2.0,2.0,2.0,2.0,2.0
222.0,2.0,84.0,170.0,-1.6128527138282416,-1.9948394468367971,2.0,2.0
316.0,1.0,302.0,3.2186788151562036,2.0
198.0,3.0,84.0,47.0,253.0,2.125611207306932,3.449156272161069,4.537641702281331,2.0,2.0,2.0
142.0,1.0,47.0,-4.488819488122399,2.0
397.0,2.0,391.0,47.0,3.1096506166684366,3.7492392184686247,2.0,2.0
260.0,2.0,47.0,46.0,-3.7156863281505075,-1.2841454146767766,2.0,2.0
307.0,3.0,84.0,47.0,46.0,1.842981040981325,-4.882831290979147,-1.4787917734159701,2.0,2.0,2.0
111.0,3.0,84.0,47.0,46.0,3.0779397615167157,3.2719649018158603,-2.1571288233006873,2.0,2.0,2.0
318.0,3.0,84.0,47.0,46.0,4.1120268342484705,4.092693668073892,-2.8363609436954156,2.0,2.0,2.0
195.0,1.0,54.0,-1.453261424395225,2.0
19.0,2.0,391.0,54.0,2.3472390555389593,3.853627478350417,2.0,2.0
381.0,2.0,243.0,196.0,-4.5492799035263225,-2.9899691538698594,2.0,2.0
109.0,4.0,19.0,47.0,393.0,253.0,2.630585097790171,1.1366130942273087,3.720671488632188,-4.096770891630994,2.0,2.0,2.0,2.0
203.0,4.0,19.0,47.0,393.0,253.0,1.3308599471440368,2.278057951673951,3.149873172151935,1.0170513730155193,2.0,2.0,2.0,2.0
159.0,1.0,30.0,2.330020845924339,2.0
99.0,2.0,67.0,54.0,2.5650419382507734,-2.5027032522767194,2.0,2.0
364.0,1.0,84.0,4.473133989380125,2.0
283.0,1.0,84.0,2.4184775588383354,2.0
301.0,1.0,84.0,-1.3138512385358383,2.0
151.0,2.0,30.0,123.0,4.513476475980934,-1.7553167191453234,2.0,2.0
375.0,2.0,359.0,102.0,-2.9191174495206624,4.401112750297997,2.0,2.0
226.0,3.0,391.0,170.0,144.0,-4.582501398418897,-2.6437326051175787,1.6473926498720641,2.0,2.0,2.0
351.0,3.0,144.0,41.0,331.0,-2.6831836090427474,2.3572177401201357,1.2672378444846104,2.0,2.0,2.0
385.0,1.0,54.0,-4.206733227421584,2.0
143.0,1.0,67.0,-1.8562510925921791,2.0
167.0,1.0,67.0,4.115539529561219,2.0
308.0,2.0,47.0,253.0,2.8464410923566033,1.5967881402053488,2.0,2.0
296.0,1.0,47.0,-3.394883466622852,2.0
257.0,2.0,84.0,253.0,4.24521189415421,-1.317685382192742,2.0,2.0
383.0,2.0,144.0,331.0,2.9657723912523983,-4.376652071359873,2.0,2.0
309.0,2.0,144.0,115.0,2.01884649498081,1.6620374165873377,2.0,2.0
18.0,2.0,1.0,19.0,1.399388565260843,3.06772575931947,2.0,2.0
171.0,2.0,30.0,144.0,2.6453860664481876,-1.5077160843482438,2.0,2.0
28.0,1.0,19.0,2.3275230177245176,2.0
347.0,3.0,30.0,355.0,123.0,-2.9103225376097503,-2.620825176319265,-2.2515064014442543,2.0,2.0,2.0
91.0,2.0,47.0,46.0,-4.890365938669396,-4.789118066812117,2.0,2.0
396.0,4.0,19.0,47.0,115.0,46.0,-1.272531471901039,3.6431667430020416,2.447074661572991,-4.476823272947038,2.0,2.0,2.0,2.0
148.0,2.0,144.0,115.0,2.4097265100139116,-1.599054343211034,2.0,2.0
376.0,1.0,144.0,2.5910488394919526,2.0
193.0,1.0,47.0,1.6225306172536191,2.0
328.0,1.0,170.0,2.5407509578022633,2.0
13.0,1.0,1.0,4.969956979629626,2.0
129.0,3.0,19.0,47.0,144.0,-3.2476347402013412,4.287691916014184,1.5361808376606874,2.0,2.0,2.0
112.0,3.0,19.0,47.0,144.0,-1.0739876712206575,-1.4058121019825336,4.939261688054067,2.0,2.0,2.0
124.0,14.0,30.0,359.0,355.0,19.0,170.0,47.0,80.0,144.0,115.0,102.0,46.0,41.0,67.0,54.0,2.730882287026161,2.1078862873097237,-2.1428164483363834,-4.5295190904096625,2.106992389837384,3.4189348584034756,-2.956844717352488,-2.7419038748969746,1.9502620166637006,1.79033430413021,3.210317788598383,-3.2120040239478214,-3.7194686422468393,3.6966750456330275,2.0,2.0,2.0,2.0,2.0,2.0,2.0,2.0,2.0,2.0,2.0,2.0,2.0,2.0
387.0,1.0,355.0,3.9429608117497277,2.0
53.0,3.0,19.0,47.0,253.0,-2.095172851358913,2.2296556823368596,3.4052812330173485,2.0,2.0,2.0
103.0,3.0,19.0,47.0,253.0,-1.8857869664488702,-2.161774089335419,4.736222562577359,2.0,2.0,2.0
250.0,1.0,123.0,-4.338987838970514,2.0
183.0,3.0,359.0,144.0,102.0,-4.595374707221916,2.494252280005726,4.826534339599538,2.0,2.0,2.0
219.0,3.0,359.0,144.0,102.0,2.3737144099044425,1.881938356943694,-4.809467908228187,2.0,2.0,2.0
101.0,6.0,30.0,19.0,180.0,115.0,123.0,54.0,-4.993222975869713,2.972936890459095,-2.9806525164916864,2.1785460478312144,-1.4053344429221397,-2.9825393204547503,2.0,2.0,2.0,2.0,2.0,2.0
281.0,1.0,19.0,-2.140438563910819,2.0
43.0,5.0,30.0,391.0,19.0,69.0,115.0,-3.8431821964964334,2.1981247529814123,-2.3058342452788185,-2.568838687231244,-4.972673918098414,2.0,2.0,2.0,2.0,2.0
165.0,4.0,19.0,47.0,46.0,253.0,1.5068075253812547,4.351781104316388,2.3062773418987783,3.3406387413189247,2.0,2.0,2.0,2.0
369.0,2.0,84.0,144.0,1.0341773335327757,1.9227820386912513,2.0,2.0
251.0,2.0,84.0,144.0,2.613724719771488,-2.6899885425090186,2.0,2.0
323.0,2.0,47.0,144.0,-4.749803980855949,1.0782217319789034,2.0,2.0
255.0,7.0,243.0,391.0,355.0,170.0,382.0,262.0,54.0,-1.3022908088203082,4.1062440258232265,1.2202940113883156,3.8425835617110082,-3.893570481542909,3.14180807345272,-2.3226970553811004,2.0,2.0,2.0,2.0,2.0,2.0,2.0
170.0,5.0,391.0,355.0,382.0,262.0,54.0,-2.388836427265433,4.78203346132258,4.023381399940083,4.408205784014419,2.176815434255997,2.0,2.0,2.0,2.0,2.0
29.0,3.0,84.0,19.0,47.0,2.8695144779351565,4.664869293523793,1.268997217849324,2.0,2.0,2.0
50.0,3.0,84.0,19.0,47.0,2.093987181137773,-2.433970739244099,-3.4085180014019927,2.0,2.0,2.0
128.0,5.0,30.0,19.0,47.0,393.0,253.0,2.2617970215790435,3.277276830461308,-2.499710134824131,4.992686061015908,1.0103728118485327,2.0,2.0,2.0,2.0,2.0
348.0,1.0,115.0,4.449977892509893,2.0
265.0,2.0,84.0,144.0,-3.625534302416331,2.956357617817347,2.0,2.0
59.0,6.0,30.0,19.0,47.0,144.0,115.0,46.0,3.099778734024997,4.736293060584828,2.064592620725393,3.445456239974567,-2.3942049173595965,2.3799228140179736,2.0,2.0,2.0,2.0,2.0,2.0
52.0,6.0,30.0,19.0,47.0,144.0,115.0,46.0,2.6504174110192986,-1.8577359807952107,-1.2675177094780374,2.716781288429011,-4.5632959958522985,2.8624047843655878,2.0,2.0,2.0,2.0,2.0,2.0
399.0,3.0,30.0,391.0,355.0,4.42624641113494,4.472698962709744,2.1904648252997068,2.0,2.0,2.0
83.0,7.0,30.0,391.0,355.0,170.0,382.0,262.0,54.0,3.101877889504054,1.1304841481111159,-2.8714902069442867,3.3600375665982853,2.0227761551306416,1.2472347515645565,2.9947039192410227,2.0,2.0,2.0,2.0,2.0,2.0,2.0
274.0,6.0,30.0,391.0,355.0,382.0,262.0,54.0,2.3160144716376236,-2.851130144508074,3.104389140942111,-1.1668144357087278,1.839475735506905,3.465163987760072,2.0,2.0,2.0,2.0,2.0,2.0
97.0,6.0,30.0,391.0,355.0,382.0,262.0,54.0,1.7174303455681992,3.3066842126051226,2.622659841962343,-4.200070904279144,4.685067424556602,-3.267394609774625,2.0,2.0,2.0,2.0,2.0,2.0
370.0,2.0,359.0,102.0,-4.1202438193788975,-2.9220928348369317,2.0,2.0
313.0,1.0,253.0,-1.2985667087401151,2.0
268.0,2.0,19.0,47.0,-4.872329095415093,1.932034582143205,2.0,2.0
289.0,1.0,180.0,2.1406765386653106,2.0
373.0,1.0,253.0,-4.240283687387039,2.0
133.0,3.0,391.0,47.0,123.0,-1.4181791816440446,4.076635322393322,4.754667407711316,2.0,2.0,2.0
162.0,3.0,391.0,47.0,123.0,-3.579596656611597,3.157827876817157,1.6458759566306167,2.0,2.0,2.0
80.0,1.0,102.0,2.0563343926518898,2.0
324.0,3.0,47.0,393.0,253.0,1.2885734107134321,-1.2027133168811361,2.840726352640313,2.0,2.0,2.0
273.0,3.0,47.0,393.0,253.0,3.9798149463039185,1.751113408861852,3.661728485774399,2.0,2.0,2.0
202.0,6.0,355.0,393.0,150.0,382.0,123.0,54.0,-4.4207191065420535,3.4670343335382623,-3.085642999847845,1.7661724664601754,-3.31809499771264,-3.679950896742373,2.0,2.0,2.0,2.0,2.0,2.0
206.0,2.0,84.0,123.0,1.2527961715207305,4.735009441949899,2.0,2.0
155.0,2.0,84.0,123.0,-2.6475049540363864,-2.1255961338713094,2.0,2.0
65.0,4.0,19.0,47.0,180.0,144.0,-4.646349542325889,1.4395299607694159,-2.992938526371977,3.9349183379634525,2.0,2.0,2.0,2.0
132.0,3.0,47.0,46.0,253.0,-4.952878989731446,-2.42213044476011,-1.1669523196264944,2.0,2.0,2.0
384.0,3.0,47.0,46.0,253.0,-1.9334259655071442,1.2264941014400041,2.9398720808753103,2.0,2.0,2.0
392.0,2.0,391.0,355.0,3.8300333739631935,-3.909219793663695,2.0,2.0
58.0,6.0,1.0,391.0,355.0,19.0,170.0,54.0,4.191609577119636,1.1338036085154712,-4.758410112215317,4.063954357960515,2.0385837585849633,1.6333826775247773,2.0,2.0,2.0,2.0,2.0,2.0
248.0,4.0,391.0,355.0,170.0,54.0,2.299512326179258,1.4062603469270427,4.488612415310758,-2.300846023500724,2.0,2.0,2.0,2.0
100.0,4.0,84.0,47.0,144.0,46.0,1.3139356987359756,-2.2252946988905395,-2.398959378974212,-2.9072907040597786,2.0,2.0,2.0,2.0
16.0,1.0,1.0,2.3217330287850095,2.0
31.0,8.0,30.0,359.0,84.0,19.0,69.0,395.0,47.0,67.0,1.2034097638519916,4.683214653922677,2.641660748712595,-4.2674213975098585,-2.9133467344135244,-1.4560141375622617,-3.343969378860752,-1.146050272029338,2.0,2.0,2.0,2.0,2.0,2.0,2.0,2.0
175.0,2.0,115.0,67.0,4.728755266778005,2.9765445810563445,2.0,2.0
361.0,2.0,355.0,170.0,3.226035233315494,-1.6559736587389566,2.0,2.0
314.0,6.0,391.0,355.0,170.0,123.0,262.0,54.0,-2.590546858354327,-4.795857915893283,3.07050806916891,4.3899231660081774,1.8126265924753846,-3.895050370744784,2.0,2.0,2.0,2.0,2.0,2.0
235.0,6.0,391.0,355.0,170.0,123.0,262.0,54.0,4.607830926032903,-3.1404556830504453,-3.8025962038490304,1.8400725684408203,-1.3138625747500678,1.7777827252120035,2.0,2.0,2.0,2.0,2.0,2.0
356.0,1.0,46.0,-4.310376366051782,2.0
305.0,2.0,115.0,46.0,2.108705638435089,1.4971028901078016,2.0,2.0
157.0,1.0,102.0,2.602080178862223,2.0
144.0,2.0,253.0,331.0,2.209337650716785,1.517839640368944,2.0,2.0
17.0,2.0,1.0,246.0,2.8536880694665863,-2.6519892925609696,2.0,2.0
322.0,3.0,30.0,391.0,123.0,-4.544889784508977,4.476158714414541,-4.907800441213061,2.0,2.0,2.0
115.0,3.0,391.0,355.0,54.0,2.6857327741076915,2.696592339629578,2.477027563197269,2.0,2.0,2.0
88.0,1.0,80.0,2.919072049741281,2.0
120.0,2.0,30.0,84.0,3.977496929705978,4.958937952020484,2.0,2.0
295.0,2.0,30.0,84.0,-1.145546830609129,3.4241437588432,2.0,2.0
231.0,4.0,243.0,196.0,212.0,277.0,-2.2296192037772027,2.8127633090360398,3.4606297674466715,3.462351062916756,2.0,2.0,2.0,2.0
118.0,2.0,30.0,84.0,2.638442142586424,-4.171091149974361,2.0,2.0
221.0,2.0,80.0,102.0,1.9708318068153154,3.5541085140352955,2.0,2.0
227.0,2.0,30.0,80.0,-4.434206915696313,-3.056497361678235,2.0,2.0
197.0,2.0,30.0,80.0,2.5212324631318723,-2.8003201198670227,2.0,2.0
220.0,1.0,80.0,-1.4863875460525744,2.0
357.0,1.0,80.0,2.5757681604309712,2.0
224.0,8.0,359.0,355.0,19.0,47.0,80.0,115.0,67.0,54.0,-2.5488714973628155,-4.607912139837023,-3.7878794996825054,4.305139945090659,-2.0644567941829948,-1.2510187170606821,-1.36807419124812,3.453252735952513,2.0,2.0,2.0,2.0,2.0,2.0,2.0,2.0
95.0,4.0,19.0,47.0,115.0,67.0,-4.493852654511213,-4.5785455922615,-4.055226561075955,3.169518251064511,2.0,2.0,2.0,2.0
46.0,2.0,391.0,84.0,1.8567310606978262,3.691820951273797,2.0,2.0
161.0,2.0,84.0,47.0,-3.313093296133217,-2.7815199002177566,2.0,2.0
92.0,1.0,67.0,4.116114843320041,2.0
259.0,1.0,67.0,-2.905863704939511,2.0
135.0,2.0,102.0,67.0,-4.840680112473224,1.9466300160441299,2.0,2.0
371.0,2.0,243.0,123.0,3.872220585292818,3.0280457219078234,2.0,2.0
216.0,5.0,30.0,84.0,19.0,47.0,144.0,2.9281287943176775,-2.448485978858428,1.3439658708372044,-2.2598173932718573,1.2671178980446514,2.0,2.0,2.0,2.0,2.0
122.0,1.0,84.0,-1.2520564362666593,2.0
388.0,1.0,47.0,4.278233618257747,2.0
190.0,1.0,80.0,4.1461010089923125,2.0
358.0,2.0,355.0,115.0,2.216499771851075,-2.1592886478923687,2.0,2.0
149.0,2.0,30.0,123.0,3.2303502113079925,3.9339543451695604,2.0,2.0
126.0,2.0,47.0,67.0,1.3280658808903607,4.884649197448065,2.0,2.0
320.0,1.0,30.0,-2.5914678128209734,2.0
291.0,1.0,30.0,2.1045089061764704,2.0
209.0,1.0,30.0,-4.9031895693049785,2.0
337.0,1.0,30.0,-3.3790457046771816,2.0
213.0,1.0,30.0,-3.9762879894285215,2.0
160.0,4.0,19.0,47.0,144.0,46.0,4.181705122966842,-1.0697329273902652,1.880900700049588,-2.257380013474323,2.0,2.0,2.0,2.0
158.0,14.0,30.0,359.0,355.0,19.0,170.0,47.0,80.0,144.0,115.0,46.0,41.0,253.0,123.0,54.0,3.8278009559455186,1.379254257726691,-4.192108856293963,3.387373625869875,3.079624248951895,-3.7785796526610635,3.2096584182035803,-4.027915797031936,-1.1972074023486918,-1.167520854711864,-4.6976908407042295,3.8627062089791444,-4.950112512739146,2.9778706198476095,2.0,2.0,2.0,2.0,2.0,2.0,2.0,2.0,2.0,2.0,2.0,2.0,2.0,2.0
377.0,4.0,19.0,47.0,144.0,46.0,4.931163378202928,4.81852108973291,1.1656398557646397,1.3773069658144674,2.0,2.0,2.0,2.0
33.0,14.0,30.0,359.0,355.0,19.0,170.0,47.0,80.0,144.0,115.0,46.0,41.0,253.0,123.0,54.0,4.73703044403465,2.8627347673110495,-3.309892800659118,-1.1921196689337865,4.806023999402069,-1.6896827218031154,-1.0115872527982912,2.8855240707655696,4.208965909527498,-2.137611264478675,4.864943627855114,-2.439885872622249,3.893309835366314,-2.8263999886788738,2.0,2.0,2.0,2.0,2.0,2.0,2.0,2.0,2.0,2.0,2.0,2.0,2.0,2.0
317.0,4.0,19.0,47.0,144.0,46.0,3.072557258807267,2.3779869804530813,3.6326680505398126,3.520596604439687,2.0,2.0,2.0,2.0
39.0,14.0,30.0,359.0,355.0,19.0,170.0,47.0,80.0,144.0,115.0,46.0,41.0,253.0,123.0,54.0,-2.5092024144061367,-4.668159244129137,-2.6768934558592736,-3.674322946831499,-1.016676270520628,-1.7729843564258396,-2.1871987632168417,-1.5756365500335083,3.8487379429297537,-2.0151239894063626,-2.230185939451457,-4.862617101351089,-4.051269337882319,4.9360858158177034,2.0,2.0,2.0,2.0,2.0,2.0,2.0,2.0,2.0,2.0,2.0,2.0,2.0,2.0
246.0,1.0,67.0,-4.9797509870691234,2.0
225.0,2.0,170.0,67.0,-4.2186317464536005,4.708790271835808,2.0,2.0
294.0,2.0,170.0,67.0,-2.8016877944581533,-2.6061218493314064,2.0,2.0
266.0,1.0,180.0,-1.2940850877083272,2.0
173.0,2.0,47.0,54.0,2.4660628579449444,-1.6722226303194354,2.0,2.0
4.0,1.0,1.0,-1.0127296685291522,2.0
94.0,1.0,1.0,-1.5128517188796282,2.0
11.0,2.0,1.0,47.0,-2.966066655930557,-2.332281553045032,2.0,2.0
9.0,2.0,1.0,47.0,4.767218615898257,-2.6751628575145228,2.0,2.0
303.0,1.0,54.0,3.8839005407575247,2.0
252.0,1.0,54.0,-1.0505486408962907,2.0
36.0,3.0,30.0,84.0,19.0,-3.744992972157124,-1.4599129778259594,-3.419062191161005,2.0,2.0,2.0
346.0,2.0,84.0,144.0,-3.156452777598421,3.3836356467164266,2.0,2.0
229.0,4.0,391.0,84.0,355.0,144.0,1.156502718474572,-4.689157453137567,-2.369414793335787,-1.8462803071456917,2.0,2.0,2.0,2.0
37.0,4.0,30.0,19.0,47.0,46.0,4.431828601101448,1.8808969470594703,4.7129865516713,2.6280537402106745,2.0,2.0,2.0,2.0
60.0,4.0,30.0,355.0,123.0,54.0,2.0824241137277717,4.226432786877163,-3.0368684202236076,-3.3975391844879645,2.0,2.0,2.0,2.0
134.0,4.0,30.0,355.0,123.0,54.0,3.8293048953939812,4.592081086894018,1.5563087980762602,4.142780492280195,2.0,2.0,2.0,2.0
154.0,4.0,373.0,144.0,102.0,67.0,-2.73865916583111,-2.403200812263408,4.122208044955132,-1.7727479149824523,2.0,2.0,2.0,2.0
164.0,4.0,373.0,144.0,102.0,67.0,4.0354574233775455,-2.5616252094117162,-2.5071034245236405,4.021091024589708,2.0,2.0,2.0,2.0
380.0,2.0,80.0,144.0,-4.397076487657605,-2.3411371233850677,2.0,2.0
312.0,2.0,144.0,67.0,1.131767604908784,2.0738212872595367,2.0,2.0
121.0,4.0,84.0,170.0,47.0,67.0,-1.5131354707292233,3.9836563642717255,2.233689053977084,2.860410239708821,2.0,2.0,2.0,2.0
282.0,1.0,54.0,-3.2402693908338542,2.0
386.0,2.0,355.0,54.0,1.97486096688103,4.2841134197054,2.0,2.0
117.0,4.0,30.0,84.0,19.0,144.0,1.637305710108798,-1.2396127544660573,4.46920184971926,1.880667946510131,2.0,2.0,2.0,2.0
269.0,1.0,47.0,-1.4322937464531513,2.0
297.0,4.0,84.0,355.0,170.0,144.0,2.7376178909804665,1.4310828957404826,2.274102813895497,4.241656568566849,2.0,2.0,2.0,2.0
145.0,4.0,84.0,355.0,170.0,144.0,4.930616063455414,-3.3764124383262284,-2.564612699563114,3.2291509520703214,2.0,2.0,2.0,2.0
378.0,5.0,1.0,359.0,355.0,395.0,80.0,2.6563806306743376,1.8040010883791422,4.945401551506158,-4.715958101731632,3.4315006146794604,2.0,2.0,2.0,2.0,2.0
153.0,1.0,69.0,-3.8105783087473184,2.0
232.0,1.0,19.0,4.340620651289231,2.0
186.0,1.0,19.0,4.886883154112215,2.0
156.0,3.0,391.0,84.0,144.0,4.714075359551721,2.51949152238177,3.8303505015333097,2.0,2.0,2.0
365.0,6.0,1.0,359.0,391.0,355.0,373.0,331.0,-4.393823841256119,1.6413025554637795,3.29093316729043,-4.767518060177604,-1.080308918483519,-4.76242566953879,2.0,2.0,2.0,2.0,2.0,2.0
245.0,2.0,170.0,54.0,-1.3406919449604136,4.45236566051175,2.0,2.0
342.0,1.0,47.0,-4.579066813348998,2.0
93.0,1.0,47.0,-2.0619615827561044,2.0
137.0,1.0,115.0,2.3106928444951094,2.0
127.0,1.0,115.0,-4.286277718561046,2.0
215.0,1.0,115.0,-3.141372801716158,2.0
306.0,3.0,19.0,393.0,253.0,4.682185253624338,-1.3504049762533357,-3.759239429449764,2.0,2.0,2.0
204.0,2.0,47.0,144.0,4.123474478936176,2.5077344974224425,2.0,2.0
315.0,1.0,253.0,3.563874741493214,2.0
374.0,3.0,84.0,355.0,395.0,2.3035182411718207,-3.8555350968751787,-1.524896203455254,2.0,2.0,2.0
169.0,2.0,84.0,144.0,2.229148850505778,4.596829594325559,2.0,2.0
27.0,2.0,30.0,19.0,-1.228550173864332,3.2270103004616355,2.0,2.0
174.0,5.0,359.0,84.0,355.0,80.0,144.0,-3.2189339306027285,2.4709600505974882,-4.65785296308467,-2.0302407616102323,-3.670169526069681,2.0,2.0,2.0,2.0,2.0
270.0,1.0,180.0,-1.7251579454974442,2.0
298.0,1.0,180.0,-4.946092606194275,2.0
14.0,1.0,1.0,1.120617506991059,2.0
287.0,1.0,84.0,-3.7701715015049673,2.0
343.0,1.0,84.0,1.3348249578532827,2.0
166.0,5.0,30.0,355.0,123.0,262.0,54.0,3.972253716008532,-2.520102450659247,-3.912767522604812,-4.388928104979351,-4.820112510192761,2.0,2.0,2.0,2.0,2.0
104.0,1.0,84.0,2.225477854339902,2.0
344.0,1.0,84.0,4.226580045107144,2.0
71.0,10.0,30.0,84.0,19.0,47.0,180.0,144.0,115.0,46.0,331.0,67.0,3.398349434995993,-2.287687174231067,-2.171596494603131,1.2893562725818972,4.294205717750296,-1.8601767349803522,-1.45224909539255,-1.190570129670946,-4.474198510913396,-1.2037089352821324,2.0,2.0,2.0,2.0,2.0,2.0,2.0,2.0,2.0,2.0
42.0,18.0,30.0,398.0,359.0,355.0,19.0,170.0,47.0,180.0,80.0,144.0,115.0,102.0,46.0,41.0,331.0,67.0,54.0,130.0,2.317951685369878,1.314044912198312,1.1105138713517184,-3.6021486340797595,-1.3605646654418337,-3.286714852728804,-1.4927304950973235,1.3091829755889588,-1.1276813604912213,-1.8504750119121178,4.708689307405045,4.94527422254002,-1.744422472686042,1.4672165391078678,-2.5054761422938436,-1.4426338247930435,1.0179585910788207,-4.438585356987364,2.0,2.0,2.0,2.0,2.0,2.0,2.0,2.0,2.0,2.0,2.0,2.0,2.0,2.0,2.0,2.0,2.0,2.0
48.0,13.0,30.0,359.0,355.0,19.0,170.0,47.0,80.0,115.0,102.0,46.0,41.0,253.0,54.0,-4.768649103012351,-1.4553092535172047,-1.6708565264939854,2.6710160709212616,4.8554039299908585,-3.114625686988087,-4.047508871009933,4.8383160658146505,-3.3628284224471123,-3.5059082156365915,-1.0224817146971787,-2.1938710511545922,-1.271706313028933,2.0,2.0,2.0,2.0,2.0,2.0,2.0,2.0,2.0,2.0,2.0,2.0,2.0
75.0,17.0,30.0,359.0,355.0,19.0,170.0,47.0,180.0,80.0,144.0,115.0,102.0,46.0,41.0,253.0,331.0,67.0,54.0,3.5777973723360974,-4.03071311527948,1.6781573671095718,1.225886081976718,-1.2202464628487624,-3.6537021802216945,-1.9932574063864466,-1.3203457058831822,-4.0405925677045715,-1.5492330628455742,2.2984340366030533,1.1106213234379911,-4.64692002916914,-2.486921888250378,-3.4216293833186975,-2.0189695495638853,-3.5393052102100455,2.0,2.0,2.0,2.0,2.0,2.0,2.0,2.0,2.0,2.0,2.0,2.0,2.0,2.0,2.0,2.0,2.0
7.0,1.0,1.0,1.199504365745626,2.0
5.0,1.0,1.0,-2.678983844657529,2.0
321.0,1.0,47.0,4.253733586141101,2.0
230.0,1.0,47.0,-2.9715671904721996,2.0
254.0,1.0,54.0,-1.3463940230569595,2.0
139.0,1.0,54.0,-2.829834822647873,2.0
341.0,2.0,144.0,253.0,-2.4026332531315973,-2.9877472277132773,2.0,2.0
176.0,2.0,19.0,54.0,-1.6963929805253568,4.847883051534918,2.0,2.0
0.0,1.0,1.0,-2.765738560737819,2.0
210.0,5.0,30.0,355.0,393.0,382.0,54.0,3.9214433265818474,2.0327652380439303,3.848352088646337,-3.8287107764254285,4.926699249116901,2.0,2.0,2.0,2.0,2.0
22.0,6.0,1.0,391.0,355.0,19.0,170.0,54.0,3.7317152466992023,4.268013344041098,2.4069205271691043,3.8684583809334483,1.9528067207341184,1.21860445184543,2.0,2.0,2.0,2.0,2.0,2.0
363.0,1.0,67.0,1.2057127931259877,2.0
32.0,6.0,30.0,391.0,84.0,19.0,69.0,67.0,3.1103526844145386,1.9884293910685882,2.4488995131139184,-4.297689043159376,2.6127332092044178,-4.022159459283183,2.0,2.0,2.0,2.0,2.0,2.0
304.0,6.0,30.0,391.0,84.0,19.0,69.0,67.0,-2.0238115585003147,1.0739459952649186,4.718471113507269,-2.0795392656663414,3.7728913981962098,-2.888726324426978,2.0,2.0,2.0,2.0,2.0,2.0
38.0,4.0,1.0,391.0,19.0,150.0,-2.8331460235734878,1.0641801845914634,-2.447509820748611,2.065556712441701,2.0,2.0,2.0,2.0
194.0,5.0,30.0,391.0,355.0,262.0,54.0,2.006676935302755,-4.4427232496448195,-1.076721867655376,-4.271436539671704,2.7927054671808507,2.0,2.0,2.0,2.0,2.0
350.0,1.0,47.0,1.0182811143804442,2.0
152.0,1.0,54.0,-1.5224691662690049,2.0
284.0,1.0,144.0,-2.978590389691102,2.0
242.0,1.0,144.0,2.1715759203925757,2.0
6.0,1.0,1.0,-4.2198046234883995,2.0
138.0,6.0,30.0,84.0,355.0,144.0,150.0,54.0,-1.6547774745348596,2.821122884225458,3.1697939813297316,3.4694044611098143,4.670676728096357,1.7052459624866376,2.0,2.0,2.0,2.0,2.0,2.0
208.0,1.0,115.0,-1.0347113544186124,2.0
44.0,2.0,30.0,19.0,1.6383380943827288,-2.063301481896665,2.0,2.0
113.0,2.0,30.0,19.0,2.754936846790686,3.6048171637101327,2.0,2.0
70.0,2.0,30.0,19.0,-2.7925270107274476,3.7961993414545687,2.0,2.0
389.0,1.0,355.0,1.8566544723839202,2.0
110.0,5.0,355.0,19.0,47.0,102.0,54.0,-3.8066188779014003,2.4516235798903265,2.1365954838335735,-4.045127904152204,2.788262446991179,2.0,2.0,2.0,2.0,2.0
55.0,2.0,1.0,19.0,-3.7105688243926873,1.1602660062847128,2.0,2.0
335.0,1.0,253.0,3.593590881531101,2.0
178.0,2.0,115.0,102.0,-4.6664636769445655,1.4532996919706127,2.0,2.0
106.0,3.0,30.0,19.0,69.0,2.005293617503229,2.7012197978516514,1.4097018174471905,2.0,2.0,2.0
114.0,3.0,30.0,84.0,47.0,2.5581994006683684,3.977145000557242,4.957512352125827,2.0,2.0,2.0
288.0,1.0,69.0,2.0167381920678213,2.0
336.0,1.0,253.0,3.5578158189073084,2.0
140.0,3.0,30.0,19.0,253.0,-4.065265369053122,3.781155730197268,2.7450302575587924,2.0,2.0,2.0
40.0,5.0,30.0,238.0,359.0,391.0,19.0,2.1397964765330424,1.4753452392335609,-2.4160375344732703,1.1888868763748115,-1.0640081520140692,2.0,2.0,2.0,2.0,2.0
108.0,5.0,30.0,238.0,359.0,391.0,19.0,-1.021900354754845,-3.049964455943086,-3.101025073089562,4.593399664277769,-1.3901305165333229,2.0,2.0,2.0,2.0,2.0
57.0,7.0,84.0,19.0,47.0,144.0,115.0,46.0,41.0,4.097113941352712,-1.132569167999625,-3.2496558300422858,4.752938443808743,-1.1341541272029039,4.488942495641044,3.850378320307215,2.0,2.0,2.0,2.0,2.0,2.0,2.0
146.0,1.0,115.0,4.5059222291086005,2.0
54.0,2.0,355.0,144.0,1.06502728936464,-2.780358329246383,2.0,2.0
279.0,3.0,144.0,393.0,253.0,-1.39166070106014,-3.822347207113376,2.4370392713392706,2.0,2.0,2.0
182.0,2.0,30.0,144.0,4.488273518102263,1.801663518110015,2.0,2.0
261.0,3.0,355.0,170.0,54.0,1.0672346119872653,-3.8021932984193936,-3.004121507252184,2.0,2.0,2.0
353.0,2.0,47.0,253.0,2.70966006334764,1.1870347323535069,2.0,2.0
394.0,1.0,391.0,2.7272526630357103,2.0
25.0,1.0,19.0,-4.7028378425010935,2.0
26.0,1.0,19.0,-4.523431273277572,2.0
199.0,1.0,84.0,4.650479609282292,2.0
325.0,1.0,115.0,4.135839368734047,2.0
286.0,1.0,115.0,3.328170168964449,2.0
228.0,3.0,30.0,144.0,331.0,2.5878485663383275,-3.539706282309316,-3.027615461434669,2.0,2.0,2.0
73.0,5.0,355.0,19.0,47.0,144.0,46.0,-2.11830764279517,-3.829002561051575,4.213028364679792,-3.8251053123411425,2.2668067841656834,2.0,2.0,2.0,2.0,2.0
211.0,5.0,355.0,19.0,47.0,144.0,46.0,-2.8013699167568076,1.1691303395196324,-1.8708639452416143,-4.353088638422268,-3.2745564592726533,2.0,2.0,2.0,2.0,2.0
