15.0,1.0,9.0,4.548758592025934,2.0
28.0,1.0,9.0,4.674162447770936,2.0
61.0,1.0,9.0,4.304298818451406,2.0
54.0,1.0,9.0,2.240870692725134,2.0
80.0,1.0,79.0,-1.9019825596516204,2.0
72.0,2.0,79.0,5.0,-3.1482968270585627,-4.586587722363737,2.0,2.0
86.0,1.0,79.0,-3.8726310344391566,2.0
94.0,1.0,79.0,-1.5229133770049037,2.0
46.0,1.0,18.0,3.569938107896746,2.0
89.0,1.0,79.0,-4.455381532493373,2.0
95.0,1.0,79.0,-1.0145632871437487,2.0
92.0,1.0,79.0,-4.5614783479749175,2.0
63.0,2.0,79.0,18.0,2.8265661685031227,3.2292659778703414,2.0,2.0
47.0,2.0,79.0,18.0,1.6809424146613248,1.3083122412652455,2.0,2.0
56.0,2.0,79.0,18.0,2.970992346869918,1.2490362483891513,2.0,2.0
64.0,2.0,79.0,18.0,1.2851290641360102,2.635998821908526,2.0,2.0
39.0,2.0,79.0,18.0,3.9941270580110975,2.5307005109699032,2.0,2.0
45.0,2.0,9.0,62.0,-3.304001896389578,-4.430207140173968,2.0,2.0
38.0,2.0,9.0,62.0,-2.7182136644108668,-4.422845890171177,2.0,2.0
62.0,1.0,9.0,-4.228608889049094,2.0
41.0,2.0,9.0,62.0,-1.327175594047763,-4.777061220353975,2.0,2.0
27.0,1.0,5.0,2.1340974513732127,2.0
85.0,2.0,79.0,1.0,-3.533843509594392,4.68535371127955,2.0,2.0
49.0,1.0,9.0,4.797125730452182,2.0
19.0,1.0,18.0,2.752380369437876,2.0
22.0,1.0,18.0,3.265204608466406,2.0
74.0,1.0,18.0,1.5852845322863578,2.0
24.0,1.0,18.0,4.044007994542466,2.0
20.0,1.0,18.0,2.2207428638149236,2.0
33.0,1.0,18.0,2.8583572166463656,2.0
99.0,2.0,9.0,90.0,-4.529891811414134,-4.752798303751472,2.0,2.0
93.0,2.0,9.0,90.0,-4.615168575816375,-1.0839583343957027,2.0,2.0
21.0,2.0,9.0,90.0,-3.4550444784974417,-3.9931479478902325,2.0,2.0
81.0,2.0,9.0,90.0,-4.397847851030075,-4.439426050969582,2.0,2.0
11.0,3.0,9.0,90.0,5.0,-3.7404507804793985,-3.0854371604186452,3.5957696196714517,2.0,2.0,2.0
3.0,1.0,1.0,-2.654468826387442,2.0
88.0,1.0,1.0,-2.614911168760951,2.0
83.0,2.0,79.0,18.0,-1.110213296028129,4.35603255884636,2.0,2.0
76.0,2.0,79.0,18.0,-4.784415746453638,3.7561384603536885,2.0,2.0
69.0,1.0,9.0,-3.608831410448488,2.0
71.0,1.0,9.0,-2.7413170825381163,2.0
14.0,1.0,9.0,-3.160466782121612,2.0
40.0,1.0,9.0,-2.5465584742879295,2.0
66.0,1.0,9.0,-2.3455058108041116,2.0
34.0,1.0,9.0,-3.945678678135422,2.0
51.0,1.0,9.0,-3.4938323366786013,2.0
23.0,1.0,9.0,3.2099910841691726,2.0
84.0,2.0,9.0,97.0,-4.948900715346895,-2.8764221276841084,2.0,2.0
55.0,2.0,9.0,97.0,-4.001436484763051,-1.9716264620234698,2.0,2.0
97.0,1.0,9.0,-1.794937299809983,2.0
44.0,1.0,5.0,3.4184299950454613,2.0
75.0,1.0,5.0,1.885893844108931,2.0
2.0,2.0,77.0,1.0,-3.6091357505858843,-4.840703205626581,2.0,2.0
77.0,1.0,1.0,-3.765840599954521,2.0
87.0,1.0,5.0,3.4141785072394546,2.0
35.0,1.0,5.0,-4.256739445067736,2.0
60.0,1.0,18.0,4.454464464777329,2.0
31.0,1.0,18.0,2.7522419204188364,2.0
98.0,1.0,18.0,3.895626606548052,2.0
50.0,1.0,18.0,2.319403509916053,2.0
57.0,1.0,5.0,3.6953141508574276,2.0
73.0,1.0,5.0,2.0396387872067088,2.0
58.0,1.0,9.0,-4.320793557693273,2.0
48.0,1.0,9.0,-1.9109120430722357,2.0
16.0,1.0,9.0,-3.978430496838223,2.0
96.0,1.0,9.0,-1.7611930919800485,2.0
37.0,1.0,9.0,-2.4650334034771686,2.0
91.0,1.0,9.0,-4.942497225217485,2.0
68.0,1.0,9.0,-3.9144986964405635,2.0
52.0,1.0,9.0,-3.496889633804806,2.0
12.0,1.0,9.0,-4.178194600028814,2.0
65.0,1.0,9.0,-4.638740272510731,2.0
59.0,1.0,5.0,3.075818242762142,2.0
0.0,4.0,9.0,18.0,5.0,1.0,3.7360967766634663,2.342274344043326,1.2731175909269412,-3.742993320868646,2.0,2.0,2.0,2.0
7.0,4.0,9.0,18.0,5.0,1.0,4.504303971052443,1.9829131092929773,4.53385287488348,-2.33116707105036,2.0,2.0,2.0,2.0
53.0,4.0,9.0,18.0,5.0,1.0,1.8472245924455373,1.063429593323971,2.7044777928799064,-3.247215685470718,2.0,2.0,2.0,2.0
36.0,4.0,9.0,18.0,5.0,1.0,2.2347712660058616,2.053434605369585,3.2021208224810707,-2.7639832273265266,2.0,2.0,2.0,2.0
8.0,4.0,9.0,18.0,5.0,1.0,2.9027675267313935,1.3724108514573636,2.8845768011627797,-4.0449946236395125,2.0,2.0,2.0,2.0
6.0,4.0,9.0,18.0,5.0,1.0,4.9977245822682,4.310673530334255,4.747251789207256,-4.558367157471765,2.0,2.0,2.0,2.0
4.0,4.0,9.0,18.0,5.0,1.0,2.6636795120427292,1.0661558728722262,3.530352095805745,-2.803614695457264,2.0,2.0,2.0,2.0
67.0,1.0,5.0,-1.3452377322786058,2.0
43.0,1.0,9.0,-2.438456308407175,2.0
78.0,2.0,9.0,82.0,4.548235874859227,-4.089770165201831,2.0,2.0
82.0,1.0,5.0,-1.3956916126813983,2.0
17.0,1.0,9.0,-2.8073606278910304,2.0
70.0,1.0,9.0,1.5050003141791164,2.0
29.0,1.0,5.0,2.5690423544555747,2.0
10.0,1.0,9.0,-2.5455771910505685,2.0
25.0,1.0,18.0,2.736483554678843,2.0
32.0,1.0,18.0,2.6480800591883895,2.0
42.0,1.0,18.0,2.039285126558153,2.0
26.0,1.0,18.0,1.9553575725664984,2.0
30.0,1.0,18.0,4.05819939538887,2.0
13.0,1.0,5.0,2.8146675718956446,2.0
